version: 10
file format: 0

training data file: ../../eng_text/en_s1_train.txt
validation data file: ../../eng_text/en_s1_test.txt

last probability of validation data: -23793.199962
number of finished iterations: 8
current position in training data: 0
current probability of training data: -23732.234093
save after processing # words: 0
# of training words: 117375
input layer size: 110
hidden layer size: 40
compression layer size: 0
output layer size: 142
direct connections: 0
direct order: 3
bptt: 4
bptt block: 10
vocabulary size: 70
class size: 72
old classes: 0
independent sentences mode: 0
starting learning rate: 0.100000
current learning rate: 0.001563
learning rate decrease: 1


Vocabulary:
     0	      2907	</s>	0
     1	     21366	â–	1
     2	     10634	e	2
     3	      8159	t	3
     4	      6623	a	4
     5	      6477	o	5
     6	      5663	h	6
     7	      5550	n	7
     8	      5438	i	8
     9	      5097	s	9
    10	      4199	r	10
    11	      3833	l	11
    12	      3803	d	12
    13	      2700	u	13
    14	      2009	w	14
    15	      1999	g	15
    16	      1924	,	16
    17	      1843	c	17
    18	      1780	y	18
    19	      1543	m	19
    20	      1528	f	20
    21	      1407	'	21
    22	      1133	p	22
    23	      1087	b	23
    24	       898	k	24
    25	       865	`	25
    26	       757	.	26
    27	       630	v	27
    28	       607	I	28
    29	       541	A	29
    30	       499	-	30
    31	       383	!	31
    32	       359	T	32
    33	       210	H	33
    34	       188	:	34
    35	       177	W	35
    36	       167	?	36
    37	       167	;	37
    38	       162	D	38
    39	       156	M	39
    40	       156	S	40
    41	       142	E	41
    42	       134	O	42
    43	       127	C	43
    44	       107	q	44
    45	       105	x	45
    46	        99	R	46
    47	        94	N	47
    48	        90	Y	48
    49	        87	"	49
    50	        82	j	50
    51	        72	L	51
    52	        64	B	52
    53	        62	Q	53
    54	        60	F	54
    55	        60	*	55
    56	        59	z	56
    57	        52	P	57
    58	        49	G	58
    59	        45	U	59
    60	        43	)	60
    61	        43	(	61
    62	        34	V	62
    63	        27	K	63
    64	         7	J	64
    65	         2	_	65
    66	         2	X	66
    67	         1	Z	67
    68	         1	0	68
    69	         1	3	69

Hidden layer activation:
0.7974
0.1133
0.0319
0.9849
0.8752
0.7586
0.0102
0.4665
0.0066
0.0001
0.0022
0.2198
0.0676
0.0235
0.1580
0.2255
0.1171
0.0064
0.0003
0.0486
0.0022
0.0891
0.0102
0.0056
0.0331
0.0007
0.0612
0.4234
0.0259
0.0233
0.0005
0.0712
0.7801
0.0055
0.0148
0.0259
0.1342
0.0033
0.0013
0.0112

Weights 0->1:
2.7135
-2.6956
0.7514
0.2733
2.8677
-1.6372
-1.4254
-2.0672
-1.9999
-1.3196
-3.4219
0.0778
0.9118
-1.2921
-0.5691
0.7191
-0.9913
-1.7389
-2.1814
-0.5869
-1.3680
6.2852
-0.5553
-1.7170
-0.7247
-1.3316
2.5080
-1.7561
2.5020
0.7755
-1.4507
-0.2499
0.6875
-1.4320
0.8548
-0.7920
-0.2588
0.4689
0.1986
-0.6887
-0.2367
0.1952
1.3539
-0.5080
-0.8493
-0.2848
0.5569
-1.0215
-0.4801
-0.9551
0.6697
-1.1169
-0.0583
0.2740
0.5546
1.5839
-0.3382
0.3052
1.1273
0.4206
-0.0525
-0.8372
-0.5470
0.6291
0.2559
0.2658
0.5189
0.0898
0.0031
0.0016
-0.2899
-0.8415
-0.7237
-0.0825
0.2608
1.3774
0.7706
-0.5480
-1.4201
-2.3523
0.0689
-1.8969
0.4629
-0.2407
-0.5167
0.1273
0.3296
-0.3520
-0.2369
0.3148
0.6450
-1.5934
1.0461
-0.9171
0.5400
1.2522
-1.4192
-0.2854
-0.2900
-2.2529
2.1988
-2.8371
-1.4808
2.5943
0.0340
-0.4770
-1.0507
2.4225
-2.9106
1.0170
-0.6063
-2.3109
3.5838
-2.0624
-1.9177
-1.7747
-1.5021
4.5174
0.7624
-1.9752
2.4767
1.0808
0.6847
-1.9159
-0.5177
-0.9192
-0.2693
-1.6947
1.5930
-2.0539
-0.4459
-0.8455
-1.0787
0.2279
-1.4250
-1.6515
-0.3134
-2.2701
-0.6042
-1.6288
-1.1355
-0.5973
-0.7005
2.8289
0.3631
0.8749
-0.6222
0.1504
-0.3400
1.7842
-0.4027
0.7105
-1.1755
0.5471
-1.7569
0.0941
0.6072
1.2012
1.3991
-0.8014
0.8522
1.0087
-0.6528
-1.4589
-0.4988
-0.3583
-0.2670
-0.9027
0.3781
0.1931
0.0042
-0.4677
0.3943
0.2331
0.1365
0.1937
0.1812
0.0094
0.1876
0.0761
-1.0130
-1.5046
2.5512
0.7169
0.9768
-0.2990
-0.0006
-2.5456
0.3091
-0.1543
-0.7109
-2.4028
0.3159
-0.6742
1.1101
-0.7842
-0.4020
1.7444
-1.0505
-0.5511
0.0772
-1.8028
1.1387
0.5573
1.4119
-0.4992
1.0302
0.3408
-0.2218
-2.5263
-1.2631
-3.4321
-1.9772
-2.4476
0.1125
0.7137
-0.1136
0.4106
-0.4281
-0.3210
0.3841
-2.1570
-2.3861
0.1306
2.6692
2.0588
-0.6324
1.3855
-3.6973
1.1698
1.7655
0.3647
-0.1240
-1.6678
2.2792
0.7585
-1.2974
-1.6275
0.1305
0.7290
-1.3895
-0.0703
-0.1424
-0.7675
1.6925
-1.5529
-0.6443
-0.9988
-1.9679
0.0822
-0.8203
-0.5690
-0.6408
-0.8820
0.2200
0.5299
-0.8504
-0.1808
1.3754
-0.2963
-0.3226
-0.4691
0.1112
-0.1667
-0.4978
-0.7372
-0.3933
0.9579
-0.4379
-0.6330
-0.1745
-0.1865
-0.5080
-0.3848
-0.2689
0.0409
0.2181
-0.2505
0.2193
-0.3441
-0.1442
-0.5375
-0.5118
0.2687
0.0544
-0.1034
0.0222
-0.0881
0.0703
0.0641
0.7668
-2.4711
-1.1142
0.3308
-1.0621
0.6954
-2.4800
-0.9307
2.5562
0.2061
-2.0631
-3.3878
-1.7145
-0.4329
-0.3420
-0.9337
0.7362
0.8811
-0.2014
-1.9565
-1.6514
-1.0852
-1.1727
-1.5181
-0.1162
2.8537
1.0693
-0.1655
0.2822
-1.5663
-2.0944
-1.5842
-0.2488
-0.3565
-0.9572
1.4250
-1.7814
0.3050
-1.5492
0.4630
0.1074
-5.0141
-2.0901
-2.3851
-5.4911
-5.0497
-1.4997
-0.0907
-0.5979
-2.2417
-2.5827
-2.5174
1.6612
-0.5772
-1.2220
-0.1425
3.0393
-4.2280
-1.2787
-0.7354
-2.4085
-2.6741
-3.1748
-2.3537
2.2849
1.1077
3.5658
-2.8596
3.9355
0.8826
1.4358
3.0841
0.3391
2.0579
1.6987
0.6655
3.5941
1.8577
-0.3088
-0.1921
0.5194
1.0258
0.8324
0.4752
-2.2180
-1.2474
1.3640
1.1648
1.6610
2.4130
-1.3015
0.6248
-0.3769
-0.7347
-0.4895
2.4540
-0.6478
0.1549
1.2474
0.7591
0.8660
-0.1593
1.3712
0.0775
-0.6769
0.2123
0.2610
0.0400
-0.1126
0.1053
1.8468
-1.5806
-0.2884
1.5420
2.1698
0.5352
-1.3836
1.4135
1.2799
-2.9753
0.3356
0.3730
0.2849
-1.0852
0.2972
-0.6877
0.8454
0.1015
1.1312
1.3088
0.4961
-1.1743
-1.7349
0.2076
2.0059
-1.4083
-0.8588
-0.0871
-0.7184
-1.4635
1.9474
-1.4046
-0.9787
0.9480
-1.1085
-1.9296
-0.1038
-0.7868
-0.3357
-1.4215
2.3614
-2.7489
-3.2847
-2.2083
-0.3905
1.4743
-4.2550
-3.3406
-0.2654
-1.6530
-1.6385
-0.6533
-0.7989
-1.9759
-2.1529
-2.5633
1.5547
-1.5667
-1.7592
-0.8512
1.0870
2.1569
-0.8918
-0.8467
-2.3249
-0.0297
0.2214
-2.2791
-0.3154
0.1895
-1.6698
1.0471
0.0725
1.8825
1.5632
-1.5002
0.2085
2.0242
3.0707
0.7381
0.2193
0.9518
0.8664
0.2122
3.7556
-0.3319
0.0840
1.1375
1.2528
-0.5681
-0.1774
0.8474
0.2364
2.8345
1.9934
2.1978
-1.1460
-0.2746
-0.8029
0.2508
-0.1069
-0.9250
1.5621
-0.2086
0.2781
0.0858
0.4162
-0.1674
0.0726
-0.0132
1.2625
-0.8145
1.5553
-0.5650
0.8389
0.6124
0.0028
0.6585
0.7705
-1.2184
-0.7268
0.5503
-1.7347
0.2737
-0.5711
-1.1631
0.7604
0.4146
-2.5276
-0.3795
-0.5335
-1.1498
0.2409
0.5595
0.2266
2.6638
-2.5992
-0.1918
0.5642
-0.9584
0.6613
-2.6828
-0.5621
0.1008
1.1269
-1.1394
-0.8758
2.3157
-0.1992
0.5759
1.6788
-4.4467
-0.9230
-0.1590
1.5726
-1.9439
1.7063
-2.0783
4.1526
-1.1965
0.4941
-1.5890
1.9029
1.0813
0.5973
0.2023
-0.8461
0.3847
-1.9518
0.1859
-1.0422
-1.1726
-2.1122
-0.7575
1.6961
-2.6620
0.5947
3.1847
-1.4901
-0.1242
-1.2638
-1.2016
-0.7578
0.5594
2.3099
0.5279
-1.0570
1.8125
0.5871
0.4854
-0.7207
-0.7448
-0.0064
0.0739
-1.2475
0.0359
-0.1332
0.6323
0.7640
-1.3831
0.0304
-0.1497
-0.9579
-0.6662
0.5272
0.6573
0.1121
-0.7426
0.6836
-0.5052
-0.3127
-0.9808
-0.2582
0.0862
-0.3865
0.1293
0.1625
0.0100
0.1021
0.0088
-1.1082
0.3524
-1.4555
0.9952
1.7182
-1.1242
0.1159
-0.0941
-0.6420
0.6086
-0.9946
-1.9986
0.1399
1.0376
-0.1267
-0.5219
1.1352
-1.9920
-1.5530
0.8012
0.2506
0.5853
-1.6082
-0.5524
-0.6947
-0.8594
-0.8797
-1.0085
0.3993
0.5408
-1.4746
-0.1597
-1.5365
-3.9165
-0.2513
0.7606
-2.0770
0.6373
-0.6870
0.9691
0.2651
-1.1935
1.5097
-0.1324
-3.1967
-3.4014
-3.0457
-1.8892
0.1514
-0.2922
-2.3575
-1.7593
1.0171
1.2425
-1.2860
0.7976
1.5775
4.2513
2.5706
0.2078
0.8223
-0.6058
0.9489
-1.6750
1.3346
-1.0722
-0.0873
-1.0702
1.2988
-0.4605
-0.3426
0.3060
-1.2100
0.7793
0.0706
-0.7488
0.3620
-0.0886
0.6277
0.3335
-1.0480
0.8988
-0.0289
2.3744
-1.1004
-0.1808
-0.2089
0.0296
1.1812
-0.0903
-0.7424
-0.1785
-0.2942
-0.8933
0.1247
-0.1808
-0.1339
-0.6415
-0.5422
0.1000
-0.1716
-0.3660
-0.0173
-0.6356
-0.1321
-0.0986
-0.0616
-0.0219
-0.1651
0.1302
-1.8690
0.3847
-0.9323
-1.3191
-2.2495
-0.1369
-0.2933
-0.4166
-0.3603
-1.0936
-1.2000
1.3769
-2.3360
-0.5709
-1.7187
-1.4056
-0.7553
0.5391
-2.1674
-0.8713
-2.1989
-1.7427
-1.3555
-2.4732
0.1014
0.5113
0.4788
-1.2506
1.0307
-0.9900
-0.3709
-1.0402
-2.1219
2.4495
0.0489
0.0359
-0.0703
-1.0848
-2.6699
0.3973
0.8334
-5.7585
-1.9926
1.4131
-5.2863
-0.1262
3.4335
0.4035
-5.0572
3.0638
-0.2057
0.6307
-0.2023
-2.4517
-0.7771
0.0639
-0.4311
0.7158
0.9989
3.2936
-1.5727
-2.0623
-0.4943
-2.4526
0.2614
-2.2286
-2.4503
3.4631
1.7634
-0.9944
-2.2429
-2.3921
-0.2838
0.7194
-0.0640
-0.4446
-2.2502
0.1021
0.4804
0.7845
1.5003
-0.2048
-1.0533
-0.1750
-1.0272
2.2588
0.7916
-0.4668
-0.4107
-1.8610
0.4006
-0.1068
0.4282
0.2217
0.0139
1.2431
0.5837
-0.6297
-0.7277
-0.5918
-0.6132
-1.0718
-0.0660
0.8960
-0.2263
0.0287
-0.0261
0.0225
0.2017
0.0937
-0.2485
2.8587
1.0012
0.4954
-0.9399
0.1118
-0.8208
-0.0262
-0.7684
-1.7598
0.4589
-1.3523
-0.4731
-0.3594
-0.2842
0.4623
0.4803
-4.3350
-0.1684
0.3160
-0.7198
0.2007
0.6281
-1.0640
2.9348
-0.3491
-0.2044
1.4548
-2.4187
-0.4720
0.5948
-0.3796
0.8152
0.0724
-0.5436
0.4556
-1.9509
0.6991
-0.0645
-0.0571
-0.9311
-3.8524
6.8674
-4.1072
-2.5881
1.9142
-1.1412
-3.6122
4.3586
-2.4551
0.2499
0.9830
-2.7312
3.7360
-0.8996
-2.2423
-1.7455
1.0267
-1.5437
-0.0140
0.4014
1.6267
0.7792
0.7771
1.7135
-1.7415
-0.3501
-0.1402
-1.9560
2.8495
-1.4428
-0.8444
-1.9043
0.1797
-0.2280
-1.3448
-0.6311
-0.3754
-1.0817
-0.4343
-0.9114
1.6494
0.8571
-1.1395
-1.4894
0.9863
-0.0526
-0.8530
-0.7507
-0.9001
-0.5019
0.1625
0.1764
-0.4607
-0.5699
-0.2687
0.6023
0.7362
-0.2853
0.6067
0.2030
-0.6106
-0.2722
-0.2861
-0.2209
-0.0979
-0.0507
-0.0411
-0.2100
-0.0868
1.8051
0.4435
-2.5182
-0.2314
0.1284
-0.0318
1.7466
-2.0536
-0.7490
-2.4435
0.7927
-2.3407
-1.8993
0.3547
0.2171
-3.3542
0.3719
0.2229
-2.0152
0.0609
0.0676
-1.6915
0.4206
2.5401
-1.5328
2.1967
-1.0158
3.9764
-2.4702
-4.6025
-1.1248
-1.3249
-1.4863
-1.5903
0.8324
0.3413
-2.1346
-2.9649
-2.8054
-1.0258
0.1647
-1.7232
-2.0145
1.5639
0.0608
-0.2870
-0.2842
-2.0747
4.8311
2.0868
1.3637
-2.2727
-1.6289
5.4334
-1.8220
-1.1585
-0.3589
-1.6459
-2.3426
-1.0927
-2.0394
0.6144
0.5607
0.6423
-1.5360
-1.0308
-0.6199
-0.8232
0.4326
-1.9303
-0.3070
-0.5247
-0.1481
-0.5438
0.0623
-0.2895
-0.2368
0.0453
0.1774
-0.7332
0.6578
-0.1169
-0.5536
-0.7334
0.2496
0.7278
0.0454
-0.4288
-0.3593
-0.4077
0.5947
0.0324
0.2714
-0.1890
-0.1203
0.7771
-0.3026
0.5443
0.7527
0.0054
-0.0457
-0.0919
-0.2847
-0.0548
0.2713
0.2380
-0.0029
0.0789
-0.1358
0.0309
-0.3157
-0.5465
-1.2449
-2.0129
-0.9373
-2.9855
-2.6935
-3.1749
1.2565
0.5761
0.6026
-1.1542
-3.6886
0.6913
0.3903
0.2668
-1.8204
0.4840
-0.6668
0.4793
-0.8546
-1.2970
-1.2787
-0.8549
0.1122
1.5631
0.1443
-0.8599
-1.2583
-0.4218
-0.7420
-3.6215
-0.9025
3.3269
-1.1649
1.2055
-2.9008
-1.1133
0.0888
-0.4737
-2.3997
5.4242
-3.3396
-2.5038
2.7269
3.0620
0.7214
-0.3168
1.3475
-0.1381
-2.6021
-2.5218
-3.2431
3.0151
-2.4999
-3.5079
-2.0550
0.1673
-1.4617
-0.8630
0.4765
1.8784
-0.9623
0.2414
-1.1792
0.8231
-2.2183
-1.0965
1.3182
0.3608
2.9530
-1.9143
-0.2069
-0.3773
-0.9789
-0.9555
-1.5421
-0.9664
-0.6523
-0.2097
-0.4337
-0.6290
-1.3156
0.0769
0.5237
-0.0446
-0.8004
0.0240
-0.6950
-0.5248
1.1569
-0.2344
0.2102
-0.0632
-0.1497
-0.3605
0.3395
0.3216
-0.1272
0.4233
-0.3565
0.3291
-0.1916
-0.0951
0.1929
0.0674
0.1701
0.2135
0.0722
0.0281
-0.4144
2.5993
-0.0212
-1.8917
-0.0405
-0.0286
-0.3040
-0.5244
-0.7832
-0.7687
-1.8668
-0.8189
-0.2880
0.9955
0.2620
-1.5762
0.0143
0.1728
-0.7799
0.4911
-3.1729
-1.8614
-1.9905
-0.4902
1.7539
0.1030
1.0360
-1.7838
-1.4432
-0.2679
0.1981
-1.1187
1.3155
-1.4217
-0.9333
0.8092
-2.2479
0.0541
0.6634
-1.2167
0.3764
-0.2829
0.3760
-0.8521
0.3529
-3.1156
-0.4053
-1.2884
-0.7195
-1.7809
3.5902
-2.7237
2.1851
2.4688
-2.5849
-1.9189
-0.8325
-0.6967
0.6969
1.9132
-0.3755
-0.1109
1.2183
2.1886
1.6431
-1.5583
-1.2261
0.8462
-2.1214
-1.7864
-0.8285
-1.3708
0.5565
-1.0500
-0.5665
-0.7660
-1.1358
-0.3048
0.0171
-0.5327
-0.5705
-0.1088
-0.8039
-1.1661
-0.0193
0.5380
-0.0035
-0.5411
-0.8965
-0.8939
-0.6144
-0.1348
-0.0881
1.5820
-0.3044
0.5381
0.9367
0.5936
0.3277
0.5245
-0.3723
-0.5851
0.0148
-0.4066
-0.3604
0.0291
0.1147
0.1232
-0.0223
0.0125
2.6466
0.7838
-0.6788
-0.5183
-1.7273
1.8018
-0.0446
-0.1102
-0.4324
2.7259
-0.3658
0.1406
-1.9793
0.5160
0.6116
-0.7140
-1.7498
1.6754
-2.4167
0.2192
-0.7871
-2.2768
0.0464
-0.5904
1.1489
-1.0612
-1.3641
0.3778
-2.0583
-0.9059
-1.4358
-2.4683
-1.3760
-1.5208
0.5415
0.3697
-0.7363
-2.0558
-1.8646
0.4041
1.0427
-4.0053
0.6647
-0.5130
0.3929
-1.7743
0.3688
1.5090
1.5839
1.3108
0.5982
0.1780
-3.3927
1.7491
1.2894
-5.0875
3.4778
-0.3046
0.8476
-1.5912
-0.1331
-1.8151
-1.7434
-3.9210
-1.8650
-1.3173
0.2069
-2.8380
2.2714
0.7645
-1.5958
0.6127
-0.0502
-0.3281
1.9263
-0.0124
-0.0568
2.0615
-0.2519
-0.0917
-0.2043
0.0834
-0.3786
-0.9315
-1.4638
-0.9346
-1.2070
-0.7929
-0.1522
-0.5901
-0.5869
-0.4444
-0.2593
-0.2883
-0.1586
1.9673
-1.1567
-0.2182
0.9133
0.0428
0.3917
-0.4241
-0.7459
0.5364
-0.0945
0.1363
0.1351
0.0264
0.1578
0.0984
0.7898
-1.1185
-1.5219
-1.0299
-0.8264
0.4448
0.4103
0.3009
1.8313
2.2564
-0.4912
0.5708
-0.2115
-0.7540
0.8092
0.1993
1.1497
-1.9100
-0.7604
-0.8986
-0.6183
-0.2329
-1.1513
0.0420
-3.5548
-2.7041
-0.3756
0.4871
-0.0918
1.7965
2.0694
-0.8070
0.2229
0.3903
0.8778
-0.1114
-2.3962
1.5537
-1.3009
1.1602
-0.6925
-1.2619
-5.4694
-0.3589
1.7559
-2.1697
-0.9346
2.3736
5.8354
-0.7119
0.1253
2.1693
2.8058
2.8070
-0.1307
-1.2522
-0.8220
1.1880
-2.7527
-1.3706
-0.7003
1.7469
-1.7998
3.1068
-0.7299
-0.2409
-1.8107
-0.0809
-0.7582
-0.6258
-1.6391
-1.4078
-0.7045
-0.4549
-1.1385
-0.2114
-0.6526
-0.9722
-0.2503
-0.3198
-0.5902
-0.7897
-1.0815
-0.2527
-0.3759
-0.2201
-0.7102
-0.2163
-0.2146
-0.4069
-0.1612
-0.2883
-0.2594
-0.2379
-0.1353
-0.3715
1.9824
-0.2967
-0.2926
-0.2763
-0.5514
0.0306
-0.2667
0.0230
-0.0114
-0.0658
-0.1426
0.1653
0.0393
-0.0613
0.5527
0.4658
0.1199
0.2459
-0.7250
-0.3999
-0.6368
0.4035
-2.8651
2.5904
-2.8285
1.8927
-1.9221
-0.3516
-0.8565
-0.0209
-1.7643
-0.3651
-1.3111
-0.6136
-2.6880
-0.3555
-1.3397
0.7112
1.7677
0.4706
-0.3986
2.1183
1.0022
1.6153
0.5890
0.1240
-0.4043
-1.3534
-2.0470
-2.1666
-3.8298
0.1794
-0.2816
-2.0388
-0.2942
-1.7948
-0.7093
-0.1401
2.1961
-1.2448
-1.5695
1.6398
-1.5784
0.0520
-0.4117
0.3042
-0.1672
1.7296
0.0329
-0.7300
-0.3972
-1.5829
-0.3144
-0.8553
1.0222
-0.6341
-0.1188
1.0711
2.9633
0.4844
-0.4597
1.1803
-0.7557
-0.4878
-0.5832
-0.3198
-0.9639
-0.6928
0.0186
0.1722
-0.2714
0.0179
0.4842
-1.0746
-0.5202
-0.4425
-0.5188
-0.9459
3.1316
0.8041
-0.1225
-0.8034
-0.5536
-0.3295
0.3376
-0.2722
1.0819
1.9269
-0.0482
0.0120
-0.1723
0.1924
-0.7248
-0.4739
-0.1366
-0.4463
-0.0792
1.1506
0.2346
-0.0999
0.0285
-0.0701
-0.0778
-0.1252
-2.7156
-2.3405
-0.8721
-0.1824
2.2372
-0.9992
0.3793
-0.9328
-0.7148
0.0268
-1.5622
0.5557
-2.8356
2.5264
0.4891
0.0436
-0.2139
0.4591
-0.3856
-2.9267
-1.3855
-0.5258
-1.2502
-0.4217
-0.0462
-1.3487
-1.5554
0.1557
0.8795
1.0299
-0.6108
0.1361
-1.9467
-0.8281
-1.9484
1.9851
-1.5823
0.7463
0.0503
0.6957
-0.2116
-2.6486
1.2442
-1.3567
-2.7699
-0.2479
1.7877
4.1695
-1.1225
-2.4958
-1.1202
0.9022
1.3685
1.0037
-2.1893
3.3232
-0.5083
-1.7243
-0.5795
2.3647
-0.7287
-0.6683
0.0588
4.5186
-1.2510
-0.8546
-0.3360
0.6214
-0.3381
-1.4984
-0.7702
-0.5239
-1.8630
-0.1053
-0.3980
-1.5685
-0.0684
-0.3968
0.7011
0.4008
-0.4716
-0.7224
-1.3734
-0.0222
-0.6068
0.0859
-0.2644
1.0898
-0.9934
-0.4817
0.5623
0.7660
0.5485
-1.1553
-0.1619
-0.1778
0.5663
0.3649
0.8152
-0.0668
-0.4016
-0.5815
-0.5862
-0.4464
0.1444
-0.0794
-0.0491
0.0471
-0.0076
-0.1028
-0.3932
-1.2020
-0.8504
-0.9802
1.7144
0.0482
-1.8889
-0.7933
-3.3058
-0.8559
-1.4005
0.5539
-2.6218
0.6344
0.5796
0.9520
0.1661
0.7345
-0.8935
-0.2573
-2.9432
0.6160
1.3072
2.0112
-1.0668
0.9542
-2.2450
0.0206
-4.0331
-0.9365
0.7385
0.0242
-2.0048
-0.4885
-0.7719
0.0732
-0.5730
0.0501
-2.0588
0.8246
1.2097
-2.8070
-2.9726
-0.8915
-2.0247
-1.9700
-0.6489
-0.6818
-2.0726
-1.0983
-0.1684
2.8609
-1.3105
-0.0657
0.4501
-0.9917
5.1104
-0.7937
-2.2638
0.8524
-0.4883
1.7207
0.3736
0.4356
-1.1105
-0.7937
4.0867
-1.8632
-0.3259
-0.1001
-1.6316
2.8060
-1.1170
0.2803
2.4879
-0.6012
2.8153
3.5432
0.0076
0.0012
-0.2202
-0.1079
-0.1112
0.0868
-0.4464
-1.0963
0.2160
0.2172
-0.0362
0.5557
-0.5904
0.0776
-0.1522
0.0826
0.0553
0.6316
-0.0102
-0.1738
-0.0295
-0.2825
0.2130
-0.1744
-0.2216
-0.2493
-0.0503
-0.1876
0.0204
-0.0121
-0.0255
-0.0184
2.7027
2.2611
-2.0430
-1.8027
-0.7012
1.9125
0.1638
-1.6638
-1.3708
-0.1740
-3.0707
0.0951
-0.8698
-1.4392
-0.0893
-0.3396
1.7207
-1.9689
0.9836
0.3399
0.1755
-0.6328
0.9808
-1.3177
0.5216
-1.4384
-0.1211
-0.6718
-0.7365
1.1887
-0.2699
0.8747
-1.0803
0.1071
-0.0766
-0.3092
-2.3282
-1.1534
-0.0265
-0.6218
-0.2772
0.3399
0.3291
1.6122
-2.5041
-1.1834
-0.9898
-1.2834
-1.7682
3.6041
0.3974
-0.5667
-1.4144
-0.7298
-0.6818
-1.6373
-0.3480
-0.3475
-1.6324
-0.5924
-2.0870
0.6156
0.6378
-1.2344
0.0382
-1.6966
-0.3851
0.7567
-2.0015
0.0537
-0.6931
0.1890
3.1759
0.0799
-0.2098
0.1578
0.0622
-0.1097
0.3330
-0.3733
2.5218
-0.6254
-0.6835
2.2492
2.1484
0.2478
1.8991
-0.3034
-1.0888
-0.4847
0.7550
-0.1246
-1.2964
2.0776
0.0335
-0.4372
-0.1637
-0.0280
-0.7142
-0.6752
-0.2499
-0.8192
0.1739
-1.3765
0.5478
0.0461
-0.0188
0.0518
-0.1245
-0.1510
-2.4954
-1.3307
-0.7030
-1.0623
-0.8858
-0.6186
-0.6853
-1.2703
-1.6691
-1.9184
-0.2580
1.0702
-2.5541
-0.2440
-0.2568
-0.8565
1.5092
0.1421
-1.2092
-0.0243
0.6554
-1.0834
0.3017
0.1033
0.1313
-0.5928
-1.1616
-1.3127
-0.4512
0.4093
-0.7661
-2.5838
-3.0329
-0.6323
-0.2019
0.1752
-0.5337
-1.1008
0.2726
0.0270
-0.5102
-3.6644
3.4225
-2.5846
-0.0146
3.1038
-1.3268
0.8121
0.1394
-0.8168
1.7689
1.1407
1.2497
-1.0044
1.4343
2.8087
-1.2632
-0.0067
-0.2629
-2.0272
-2.0857
-0.5907
-1.8598
-2.5687
-0.4119
-0.9115
-1.1511
0.0361
-0.5169
0.6175
-1.6688
-0.9357
-0.3801
-0.0456
0.2601
-0.0813
-0.6376
-0.4894
-0.3357
-0.1710
-0.4102
0.0976
0.1762
0.0040
-0.8787
-0.5279
-0.0408
-0.2605
-0.0505
-0.4336
-0.4013
-0.1830
-0.2746
-0.2130
-0.1263
0.1555
-0.4049
-0.2749
0.0940
0.0510
-0.0370
-0.2196
-0.1965
0.0211
-0.0223
-0.0198
-0.1274
0.1248
0.0059
-0.1447
-0.7940
-2.1291
1.6556
-0.3301
-0.2606
-0.1421
-0.6392
-1.5971
-0.2659
-0.2689
-0.4744
-0.2959
-0.1017
1.9472
0.7943
-3.2517
-0.6120
-1.6539
0.2913
0.2571
-0.7326
0.8574
-2.2411
0.9035
-3.6635
-1.4656
0.3756
-0.1864
-1.2943
-1.9133
0.8992
-0.8001
-0.3926
-3.6278
0.9277
-0.4930
-5.5559
2.1997
0.0508
0.2114
0.4269
-5.4197
1.6103
-2.4446
-2.9784
4.8968
1.2020
-3.0174
-1.5393
1.6848
-2.8372
-1.8346
0.3454
-1.3587
-1.9801
1.1503
1.4855
-1.4689
1.6832
-0.5617
1.3130
2.4652
-1.4793
-0.2284
-0.5550
-0.7136
-0.0340
-1.1099
-1.3377
-0.9116
-1.0393
-1.9892
-0.5479
-0.1376
2.7954
-0.5896
-1.6476
2.6295
-0.0042
0.0804
0.3571
0.3414
-0.8745
-0.1016
0.2255
-1.3043
0.7153
-0.0721
0.5345
-0.4351
0.1488
-0.1670
-0.2444
0.0009
0.0553
0.8152
-0.4567
-0.3257
0.1147
-0.2150
0.8845
0.0848
-0.4043
0.1329
0.0087
0.0522
-0.1251
-0.0449
0.0405
0.0767
-2.3784
0.4584
-0.4074
1.2902
0.0133
-1.4917
-0.1110
-0.9377
-0.7553
-0.5849
-3.6735
-1.8348
-0.0979
0.7971
-0.0996
-0.0786
1.8250
-0.9771
1.0682
0.8156
0.0233
-0.5907
-0.2459
-0.0964
-1.3635
-0.3971
-0.4681
-0.0986
-1.3647
-1.1894
1.7177
0.9210
-1.4843
1.6445
-0.8285
-1.0011
-2.7650
-3.5906
1.2978
-2.2134
-1.8767
-0.7212
-2.6932
-0.4143
-0.3400
-2.0810
-0.6597
-0.3436
3.7481
-0.3115
-0.6095
-1.5961
-1.2409
0.1362
-1.5824
-0.9866
-1.3293
-0.7521
1.8349
0.2999
0.5028
3.6072
-1.0909
-0.5765
-0.5477
-0.8541
5.0609
-0.7093
-0.4558
-0.7876
0.8544
2.7648
-0.9682
-0.4795
-0.7645
-0.7797
1.2587
-0.4799
-0.4218
-0.1881
0.1884
-0.4672
-0.6089
-0.1618
0.1616
-0.1074
-0.5711
-0.1034
2.0109
-0.1597
0.3562
-0.0463
-0.2111
0.2088
-0.4022
1.5115
-0.2372
-0.4778
-0.6789
-0.1484
0.4280
-0.1027
-0.2980
-0.0510
0.1069
-0.0014
-0.0433
0.1682
0.1767
0.1925
-0.3975
0.2424
0.7296
-0.5953
-0.0418
-2.7006
-2.0759
-0.3272
-1.0984
-0.6253
-0.9242
-2.1036
-0.8987
-0.1205
-0.3397
-0.5762
-0.9983
-2.1817
-0.5949
-1.3429
-0.7791
-0.8154
-2.0872
-0.5975
-1.5627
-1.5230
0.2613
-0.3113
0.2318
-0.4366
2.4292
0.1526
-2.6560
3.6518
-0.2202
0.5808
-1.2344
-0.7184
0.4516
-0.2971
0.8255
-3.3365
-1.8689
1.8405
1.1099
-0.1407
-2.5586
-0.2290
-1.8340
-1.6048
0.5136
0.6978
-0.6547
-2.6858
0.3910
-1.9135
3.8920
-0.6737
-2.3962
-1.2407
-0.4253
-3.5386
-1.2130
1.1455
0.2092
-1.3819
-0.8438
-0.7044
-0.5518
0.2749
-0.3880
1.0123
0.9919
-0.9838
0.3126
-0.9916
1.0163
1.8756
-0.2182
0.1895
-0.1686
-1.2824
-0.8475
-0.9739
2.3958
0.9349
-0.2125
-0.5067
-0.7460
-0.0042
1.2007
-0.3789
0.8610
1.5578
-0.1084
1.4915
0.8419
-0.6447
-0.5416
-0.4902
-0.7405
-0.6259
-0.5236
0.1877
0.3672
-0.0556
-0.1581
-0.0733
-0.1418
0.1529
-0.3273
0.9303
-0.2316
0.2753
-1.5399
-0.0043
1.7409
-0.1622
-1.7869
-0.7291
-0.5401
-0.7779
1.1267
0.7939
-0.5730
-0.3078
1.4738
1.0558
-0.2745
-0.8375
0.1304
-0.9391
0.2133
-1.3787
-1.9229
0.1056
0.4295
0.4467
1.9986
-0.1279
-2.3103
-0.6801
-0.7423
0.7463
1.2074
-0.2290
-2.1370
-2.0233
1.7260
0.4897
0.3416
-0.7585
-1.1343
0.0854
-0.0785
-0.6213
-1.5526
0.4931
1.0617
1.5630
-2.1744
1.2503
0.7106
-0.6451
-2.3930
2.1313
0.0136
0.5844
1.8182
-2.2553
-1.7997
-0.4096
0.3421
-2.0900
1.7676
-2.1950
-0.3398
1.5601
-1.9155
-1.0065
-1.0701
-0.1385
0.0525
-1.5257
-0.2405
-0.3310
-0.0769
-0.1601
-0.1829
-1.5391
1.8421
-1.0210
-0.8007
-0.4947
3.9621
-0.0592
-0.6532
0.3573
0.8956
-0.7077
0.7756
0.0046
-0.3176
3.1345
0.1464
1.0513
-0.0911
-0.1328
-0.5496
-0.4684
-0.0647
-0.8814
-0.3237
-0.4278
0.0612
-0.1540
-0.2268
-0.0221
0.0383
-0.1436
-0.5362
-0.6503
-0.3110
-1.6848
-0.2862
-0.2118
-0.5853
-2.1944
-1.1896
-1.1662
-0.0676
-3.3053
-1.0306
0.7453
0.7519
-0.5613
-1.2196
-0.2451
-1.0531
-0.5226
-0.8389
0.8466
-0.4455
0.1259
-1.2280
0.2923
-0.9377
-0.7400
-0.1582
-0.6489
-0.0536
-1.2824
-1.5178
-0.8111
1.5028
-0.2721
-0.4535
-1.3476
-0.5292
-0.0262
0.0974
-3.2118
2.3344
-1.9657
-0.3587
3.8414
3.9914
1.7254
2.2085
-0.6258
-1.7775
0.8351
-0.4663
-1.0400
-2.4047
-0.6095
-0.3161
-0.3604
-1.3494
1.9916
1.5612
-1.5657
-1.3725
-0.6862
0.8497
-1.8860
-0.7955
-1.3370
1.7595
-1.8426
-1.2776
-0.4498
0.3371
-0.1300
0.2377
-1.9622
-0.2007
-0.1280
-0.0338
-0.2186
-0.1200
-0.6784
1.7389
-0.3248
-0.4032
-0.2782
-0.7446
0.4209
-1.0883
-0.8967
1.3698
-0.5961
0.7193
0.0677
1.0644
0.5598
-0.3396
-1.0868
-0.6705
0.1186
-0.0037
-0.9314
-0.7994
0.2831
0.4870
0.1555
-0.0444
0.0936
0.0837
0.0508
-1.5032
-1.1530
-0.1029
0.6449
-2.7360
0.9951
0.6473
-3.1757
0.5113
-2.4270
-1.4472
-1.7417
0.1304
-1.2076
-0.0294
0.5082
-1.3989
-2.7446
2.4964
0.2604
0.3542
-2.3136
0.8926
-2.2903
-1.1435
0.7365
0.0179
-3.8778
-0.6535
-1.0910
0.6928
-2.5340
0.7158
-1.3212
1.2958
0.6528
0.1346
0.2969
-1.4709
1.2414
-1.0535
-2.8411
-3.3831
-0.7925
-4.0029
-5.1978
1.4100
-0.3986
-5.1576
-2.6210
4.4431
3.7170
1.7947
-2.9408
-2.0705
2.4659
-1.0289
2.9474
0.1024
2.8654
1.5287
-1.9355
2.2592
1.7079
-1.9513
-3.0938
-0.7254
3.6286
-2.9808
-2.6263
-2.3719
-0.9148
-0.7969
2.1705
-0.4137
-0.9232
-0.6244
-0.5658
1.3939
0.6183
-1.0754
-1.4108
-2.7047
1.3208
1.7248
0.3056
0.9684
0.7647
0.1867
-2.0326
3.2677
1.7310
0.7089
1.5215
1.2348
-2.2342
0.3294
1.1735
1.5817
-1.1907
-0.1727
-2.1520
0.3134
-1.1780
1.3634
-0.2150
-0.5152
0.0879
-0.1046
-0.0955
1.0767
-1.2328
-1.5821
-0.4633
-1.3003
0.0856
1.5077
-0.5815
-1.2098
-1.6547
0.1442
1.4955
-2.1199
-2.4271
1.6319
-1.3280
-1.1934
1.8555
-2.4199
-0.0518
-0.6707
-0.6277
2.2052
-1.3727
0.3006
0.7357
-0.5785
-1.4799
-2.1464
-1.2097
1.8043
0.4917
-4.2480
0.6782
0.4353
-0.2405
-0.1384
0.6080
-0.9915
1.9972
-0.4613
0.2631
-0.1544
2.9810
-1.8767
-1.9513
0.9810
0.4052
-2.7695
-1.5681
0.0123
3.1399
0.2034
-1.3892
0.9888
-0.2035
-0.4351
0.4738
3.4590
-2.3563
2.6739
0.2686
-1.7982
-2.4741
0.3759
-0.2148
-0.2591
1.0966
-1.8841
-0.5740
-0.1726
0.0365
1.1247
-0.2748
-0.1790
0.7918
-0.1239
-0.2789
-1.0946
-0.0698
-0.2833
-0.9637
-1.3609
-1.8960
-0.8686
-0.0156
0.6761
-0.2282
1.8687
-0.0999
0.0414
-0.1117
-0.3915
-1.5502
2.0585
-0.7706
0.0169
-0.5907
-0.1803
-0.4519
-0.2350
0.0693
-0.4855
-0.3207
-0.1397
-0.0111
-0.2588
0.1367
0.0344
0.1204
-1.2113
0.8428
0.4772
-0.8135
-2.1246
-0.8823
-0.7097
-3.1974
-0.7807
-1.5514
-0.8475
-0.0690
-1.0337
-0.1683
0.0187
-1.0957
-1.0194
0.7870
-1.1543
-0.0776
-0.8690
0.1871
-0.3345
-0.8860
-1.8030
0.2368
-2.3551
-1.9309
-1.1834
-2.3486
-0.2947
-2.4534
-1.7216
-0.9554
0.1610
-0.3651
0.0005
-0.7350
-0.6604
0.9060
-0.6763
-2.8508
-2.6956
-0.2002
-1.7888
-0.5038
-2.5126
-2.5319
-0.1938
-0.7503
0.2242
3.7020
0.7815
-1.6081
3.6864
0.1313
-2.4903
-1.9530
-0.5390
3.5117
-0.1482
-0.3050
2.0964
1.6594
2.4226
-1.1664
-2.2980
3.0893
-1.7527
-0.6164
-1.9923
-1.3877
-0.1690
-0.7535
-0.4857
-0.3863
-1.5708
-0.5768
0.6600
2.0714
-0.1502
-0.1675
-0.5794
-1.0401
-0.4213
0.5345
-0.6046
-0.0428
-0.9862
-1.2219
1.6846
0.7884
0.0004
-0.2042
-0.0293
-0.5189
1.8849
0.3459
0.0471
-0.2673
-0.4241
-0.1770
-0.6911
0.3767
0.0981
0.0523
0.0524
-0.0378
0.0631
-0.1206
-1.0690
-2.4467
-1.2093
-1.6834
0.6033
1.3038
1.1778
-0.2739
-0.5340
-1.7118
-0.3767
0.4375
0.3939
0.1009
-0.0713
0.0687
-0.3735
-1.4375
0.7623
0.0059
-0.6230
0.6534
0.6730
-0.2941
0.0274
-0.2277
0.4873
-0.7199
-1.1155
-1.0925
0.8657
-0.0900
-0.4642
1.5403
0.6754
-1.2625
-1.0901
-0.2661
0.9768
0.8726
2.9976
-3.5941
-1.1763
-0.1437
-1.6395
1.9884
-0.7774
2.0079
-1.2107
0.9827
1.9830
2.6319
0.5769
-1.0616
-0.0569
-0.9121
-0.5811
-2.0879
-2.2791
-0.4469
1.4784
-1.4842
0.9994
-1.0580
-0.9554
-1.3450
-1.1673
0.3733
0.0708
-1.6699
-1.7941
-1.0311
-0.3308
-0.8647
0.2276
-0.4676
-0.9699
0.0115
0.4394
0.3784
-0.3126
-0.2215
-0.7227
-0.1497
-0.1688
-0.1085
-0.2385
0.1907
0.2061
-0.2764
1.1132
0.0869
-0.0306
-0.1070
0.2689
0.9229
-0.4661
-0.3037
0.9557
-0.4132
-0.5163
-0.4109
-0.0760
-0.1163
0.0451
0.1737
-0.1080
0.1608
-0.1090
-0.0542
-2.5988
-1.6463
0.0838
-1.0119
-0.4232
-0.1738
-0.3221
-0.6664
-1.8483
-2.4543
-3.2155
0.4211
-1.0716
0.8820
-0.4743
-1.0892
-0.3648
0.9019
-1.1266
-1.4937
-1.2489
1.4368
1.8428
-1.8360
2.4406
-0.4561
1.4421
-0.6932
1.5604
1.2046
1.4579
0.7721
-2.4019
0.4886
-2.0333
-1.2681
-1.2252
-2.2801
-1.1045
-0.1015
0.3523
-1.0538
-1.9319
4.7575
-0.2367
3.3084
-1.9050
1.2961
0.8803
-1.0337
-1.2296
-1.9005
-0.1883
-0.4708
1.0615
0.1625
0.4016
0.3850
-1.7755
-0.4342
-0.8634
-1.0184
-1.4871
1.2559
-1.0544
-3.0865
-0.1873
-0.7581
-0.1274
1.2777
-1.1006
0.4256
2.4529
-0.4710
-0.1224
1.6875
0.1103
0.0569
-0.1984
-1.4075
0.5294
-1.0167
2.4531
0.5321
0.9667
-0.2732
-0.9728
-0.2162
-1.9476
-1.0078
0.2395
-0.8459
0.6857
-0.4089
-0.9505
0.8686
-0.3064
-0.8125
0.6435
0.5718
-0.1370
-1.3389
-0.4317
-0.8703
-0.1222
-0.1752
-0.0270
0.1308
0.0210
-0.2695
-2.8298
-0.0768
-0.9596
0.7583
1.4715
-1.4092
2.8663
-3.0368
-0.0806
-2.1595
-0.0408
-0.7228
-1.7985
-2.1351
0.0266
-1.9274
-1.3906
-1.3196
-1.6310
0.6125
-0.8901
-0.8283
-1.1027
0.0230
-1.2230
2.7010
-0.9645
0.3595
-0.8902
-2.1479
-0.7034
-2.6257
-1.3142
0.0295
-0.6760
2.2906
-1.9416
-1.9215
-0.4578
0.2330
0.2680
-3.2638
-2.7064
-1.2883
2.7454
2.1599
-2.3302
0.3652
-0.2582
-0.7517
0.0193
0.8128
0.4739
2.3044
-1.8784
0.4790
2.5683
2.3783
-1.4710
0.1350
2.4220
-2.7959
-0.2441
-1.4618
-1.5736
-0.5396
-0.8729
-2.4321
-0.3779
0.7622
1.5981
-0.6273
0.1936
-0.2213
-0.1131
-0.0587
-0.5010
-0.3555
0.2610
0.1518
0.0270
-0.2701
0.5407
-0.5587
-0.0369
0.4402
-0.1531
-0.0954
-0.2385
0.0460
-0.0850
0.0661
-0.2339
-0.0923
0.0414
0.5839
-0.6996
-0.1583
1.0887
0.1221
-0.3317
-0.3092
-0.2575
-0.1125
-0.0948
-0.0127
-0.1180
-0.0899
-0.0395
0.1632
1.3953
-1.8015
-0.6587
0.3834
0.3062
-3.7614
1.4279
-1.1386
0.4511
1.0084
-0.9462
0.8172
-1.4642
1.2825
-0.1169
0.1735
-0.2862
-1.3895
-1.4668
1.0375
0.6832
0.5136
-1.7255
1.0384
-2.9369
-0.5628
-0.5307
0.1156
0.7764
-0.0495
1.2676
0.5625
-0.6649
-0.3690
-1.3596
-0.8196
-1.6777
-2.7179
-0.5230
-1.2724
-2.1969
-3.3547
-0.3427
-2.9213
0.8762
-2.9103
1.5906
0.7520
-3.0918
-2.2043
-0.6185
2.2985
-0.4039
-1.4399
-2.0327
-2.4892
-1.4613
1.8231
-1.6881
-1.9880
-0.0800
0.6896
-0.1946
-0.8469
1.9555
-1.0591
5.3015
3.7137
0.8835
-0.5004
-1.5447
4.8860
-0.9931
-0.4710
0.8833
-0.1949
4.5752
0.2476
-0.2340
-0.1639
-0.6957
-0.2572
-0.4395
-0.1116
-0.5247
0.6837
-0.2360
-0.4749
-0.2080
0.7914
-0.4145
0.1110
-0.0474
-0.1542
-0.2984
0.4340
0.8448
-0.4135
-0.0630
-0.2193
0.9821
-0.5037
0.4532
0.0028
-0.1135
-0.0152
0.0262
0.0737
0.0002
-0.0164
-0.3835
-0.3701
0.3556
0.8517
-0.0543
-1.2935
-2.6629
-1.1532
0.5654
-0.1677
-1.0183
-3.2744
-1.2138
1.3100
-0.2007
1.9960
0.6863
2.3424
0.4089
-0.2095
-0.0788
-0.2819
-0.3551
-0.2307
-3.5284
0.3271
-0.6262
0.1690
0.1732
-1.8076
0.6048
0.1957
-1.5796
0.4720
-1.1302
0.3277
-4.8310
1.5539
0.5592
-0.4419
0.0825
-4.2684
0.4046
3.4518
-3.2160
-2.2196
1.8997
-1.2685
-3.8154
1.5125
-0.6634
-3.4398
2.0265
-2.5905
-0.0224
1.5436
-1.8929
1.2185
1.2770
-2.0015
3.1613
1.0071
1.7399
0.8651
0.9808
-1.5844
-0.9483
0.6727
-1.7327
-0.6251
-0.6341
-2.5286
0.3531
-2.1149
-1.1276
-0.3211
-2.3775
-0.5602
0.4911
-0.2704
0.4668
-1.5545
-1.0172
-0.3312
1.0863
0.5711
-0.9337
-0.5183
-1.0699
-0.7812
0.3814
-0.4630
-0.3525
0.5072
0.5394
1.9195
0.0200
-0.5224
-0.1442
-1.0175
-0.0689
-0.8402
-0.4589
0.4348
-0.1709
-0.0525
0.0718
0.0215
-0.0041
0.0179
-2.2137
-0.0248
0.9330
-0.3586
0.4313
-0.8053
0.1320
-0.3958
0.3468
1.3787
-0.8381
1.3579
-0.1136
0.3953
0.7029
-1.6668
-0.3063
0.5967
0.5122
1.1415
-0.5543
0.2438
-0.1795
0.3965
-0.5623
0.9665
0.6223
-2.3032
1.4558
0.1277
-0.5542
-0.1556
0.0963
-0.3507
0.2706
0.7787
-2.1767
-0.9336
1.2819
-1.6575
2.5486
-3.4199
2.6238
-0.2058
3.9798
1.0473
-1.1656
-2.3231
1.5276
0.1911
-1.7235
0.8165
-2.0502
2.6322
0.1717
1.9320
-0.7966
-2.9562
0.7292
-0.7945
-2.6694
0.4730
0.6800
1.1040
0.1496
-0.2430
-2.1014
-2.7134
-0.4543
-0.8324
-2.0900
-2.1017
-1.6234
0.4651
-0.7331
-0.9627
-1.9568
-1.0105
-2.1079
-0.9944
-0.5341
0.2456
-0.4274
-1.0907
-3.0741
-0.2753
-0.0785
-1.0334
-0.7337
-1.1459
-0.8077
-0.3643
-0.4604
-2.5414
-0.2184
0.5837
0.4924
0.1290
2.1441
0.7776
-0.0489
-0.1274
-0.9739
0.7384
-0.1848
0.1362
0.0851
-0.0824
0.0335
-0.0369
-2.0176
-0.2838
0.5578
-0.7654
-0.3331
0.8627
1.6106
0.1249
0.1285
-0.1326
-0.1566
0.0148
-1.1709
1.6256
-0.1634
2.8464
-0.4941
-0.2797
0.7919
-0.7005
-1.4760
-1.2097
-0.1854
1.1573
-0.7924
-0.9580
-0.0367
0.5313
-0.0612
0.1403
-3.7025
-0.1005
-1.1426
-0.7723
0.4094
-0.8162
-1.0783
-0.9998
1.1202
1.0321
-0.1012
-1.9967
-1.4139
1.3641
-2.8619
0.0040
2.7961
-1.4541
-2.3497
-0.3566
-1.0473
0.1671
0.4133
0.1642
4.6856
0.2839
-1.3910
1.5246
-1.2506
-0.9860
-1.6470
0.5575
-1.8853
-0.0090
-0.8885
-2.8537
0.6533
2.7305
-2.3541
-1.2713
-0.8517
1.4161
1.1157
2.0274
-0.2194
1.9390
1.3956
0.0139
-0.8387
-0.5608
0.2439
-1.0925
0.8798
-0.9833
-0.6519
0.7033
-0.5625
0.0994
0.8372
-1.3782
0.0442
0.2104
1.0782
-0.7685
-0.9630
0.1882
0.3347
-0.9171
0.1355
-0.4884
0.2359
-1.2550
0.7879
-0.4164
-0.0602
0.1235
0.2180
-0.0102
-0.0389
-0.1968
-1.0373
-0.6104
-0.4938
0.3641
-0.3041
-2.6402
-1.6555
-2.6259
-1.9508
0.4306
-1.2840
-0.0015
0.3857
0.0042
0.1463
-0.9530
1.1823
1.1209
-1.6578
-3.0368
2.4123
-0.1264
0.8405
-1.2574
-1.8420
0.5105
0.4774
-2.1897
-0.4026
-0.1041
0.2185
0.4759
-2.9913
1.7233
0.6811
1.2950
-1.2022
1.6200
-3.4426
-0.5045
-1.1943
0.0640
-2.5678
-1.5662
2.1849
-1.3729
0.6473
-0.6706
0.7835
-0.8456
-0.0977
-1.4565
-1.6655
-0.9492
1.3681
-0.2410
-0.0211
-0.6231
-0.3919
-0.0511
-0.4441
-0.9941
-0.1932
-0.8906
-0.5674
-0.5367
1.5426
-0.0977
-0.1551
0.1629
4.6123
0.6019
-0.7512
-0.0436
0.8824
-0.2505
0.7276
0.9755
-0.0377
-0.2855
-0.0182
-0.0798
-0.3885
0.0631
-0.2841
0.8638
-0.4964
0.1677
-0.0109
0.0351
-0.1853
-0.3021
-0.0310
0.0271
-0.0016
0.4679
-0.3280
-0.0973
-0.2803
-0.0114
0.3802
-0.0169
-0.1902
-0.0425
0.0808
-0.0618
-0.0716
0.0699
-0.1386
-0.0141
-1.9336
0.9564
0.3461
-0.8461
-0.3343
0.7961
-0.8664
0.4245
-2.4322
-1.4512
-2.2753
-1.5247
-1.3470
0.0284
1.7820
-0.1569
-0.6750
0.1236
0.8564
-0.6357
-0.3544
-0.4343
-0.7647
0.8575
-1.6709
-1.5877
0.5355
0.4086
-1.5431
-0.9814
0.2184
0.8828
-0.5527
-0.8648
-0.4196
0.2990
-3.0623
-1.6112
-0.0953
0.5022
-2.2645
-0.4634
2.3075
-1.2783
-1.5815
-0.5905
-0.9081
-1.3318
-1.8627
0.3344
0.6080
0.9958
0.0884
-0.9818
-0.6747
-0.5075
-0.3522
-1.1645
0.6073
-0.3939
2.0048
-3.5250
0.8207
0.5335
-0.3981
2.2995
-0.5621
-0.3992
-0.6457
-1.6426
1.4678
-0.4235
-0.3959
-0.7996
-0.4218
-0.1680
-0.0697
-0.2347
-0.3752
0.4076
-0.9658
-0.4778
-1.0759
-0.7453
1.4510
0.0912
-0.2804
-0.4460
-0.1712
1.5175
0.1214
-0.0065
0.2486
0.3569
0.5788
-0.2293
0.2049
-0.1935
-0.0764
-0.2888
-0.3139
2.6018
-0.2458
0.1034
0.3460
0.0652
-0.0744
0.0112
-0.1248
0.0537
-0.8769
0.9103
-0.4203
0.0339
1.1094
1.9828
-1.5775
-1.2410
-1.1997
-1.9290
-0.5855
-2.7344
-0.1978
-0.8126
-0.6134
0.0250
2.1019
-1.4483
-0.2407
1.4432
-3.1215
0.2756
-1.3078
-0.5612
-2.3389
-0.6779
0.2655
-1.1645
-2.0643
-0.6355
-0.2847
-1.0530
-2.7653
0.6913
1.0379
0.7352
-1.8328
-0.4304
-0.0971
-0.3193
-2.2576
6.8434
-1.2599
-3.1317
-3.3019
-2.7811
-2.0070
0.1434
-1.9370
-2.2264
-0.0224
-0.0077
0.2235
-2.4751
0.1251
-0.6480
-1.0050
0.5145
-4.0694
-1.1377
0.1560
-2.1738
-2.1608
-0.6926
-1.2774
3.2166
-1.9066
-1.3040
-0.8360
-0.1949
1.5189
-2.1434
-0.7131
1.0491
-0.7657
0.7665
-1.6406
-0.7011
0.3981
0.8743
-0.4388
0.2789
1.0853
1.8874
-0.2788
1.2129
0.5381
0.5547
-1.7238
0.5141
-1.0117
0.6055
-0.1390
0.7050
-0.0915
0.5625
-0.5087
1.2100
-2.2184
0.8117
-1.1284
1.3450
0.9001
-0.9145
-0.3659
0.2399
0.0372
-0.0781
0.0844
0.0120
0.4174
0.5093
-0.3344
-0.4198
0.8210
-0.5121
1.4350
-0.3541
-0.4045
-0.6188
-0.2918
0.9026
-1.0857
-1.5542
-0.3122
-0.7320
-0.1924
1.4922
-1.1820
0.5255
0.8123
0.1109
-0.1328
-1.7438
0.8460
-0.9180
-0.3299
0.0139
0.0425
-0.3260
-1.1959
0.1866
-1.7608
-1.8375
-0.0011
-1.4896
0.6929
1.7826
-0.5294
0.1471
0.0834
-1.9952
-0.7754
-2.4632
2.6104
-0.5721
1.3139
-0.1180
-1.1142
-2.5585
-1.4067
-0.3087
-1.9591
3.8872
-1.0421
1.0144
0.1435
-0.7451
-1.9800
-1.4517
-2.0967
1.1491
0.5657
1.5823
-1.0408
-2.4718
0.2207
1.5482
-0.3795
4.4499
0.4288
-0.1427
-0.3464
-1.1984
0.0705
0.8247
-0.0087
-0.1212
-0.7187
-1.1729
-1.0324
-0.2557
-0.1149
-0.2067
2.5200
0.0336
-0.6590
-0.7242
-0.5607
-0.6279
-0.1927
0.3415
1.6968
0.6438
-0.9069
0.3787
-0.2220
0.6355
-0.2380
0.1577
-0.1377
-0.2670
0.9769
-0.5569
-0.0183
0.1115
0.1369
-0.0006
0.0091
0.0370
-0.6366
-1.2587
1.1733
-1.2729
-0.7339
0.2299
-0.1741
-1.4933
-1.8071
-0.9664
0.2097
-0.2562
-2.2600
0.5418
-0.9067
-1.8558
-0.3740
-1.0438
-1.0387
1.0954
1.3764
-0.7749
-2.0752
-0.1220
-2.8171
1.1281
-1.4229
0.3679
-1.5088
-1.1457
-0.8623
-2.5325
-1.0747
-0.4723
0.3137
1.7427
-1.7402
-1.5790
-1.0156
-0.7744
-1.6965
-3.5577
-2.1390
-0.0857
-0.2188
2.3178
-1.9247
0.1082
2.5412
2.6377
-0.1673
-3.4319
-1.3092
0.2521
-2.8887
2.5188
-1.4289
4.3818
-2.1814
-2.7203
0.6319
-0.5463
-1.4062
-2.4760
-1.6156
-0.8938
-0.1653
0.3471
-0.2871
-0.9100
-0.4927
0.3901
0.4394
0.2083
0.3002
0.2396
0.1782
0.0352
-0.1483
-0.1259
0.4245
0.0100
0.1011
-0.0043
0.9179
0.5191
-0.2029
0.0297
-0.2209
0.1331
0.6668
0.0381
-0.1215
0.0691
-0.3283
0.0566
1.2808
-0.0212
-0.0383
0.3251
0.4088
-0.2252
0.1583
0.0720
0.0917
-0.0433
-0.0027
0.0565
-0.0172
0.0065
-5.0111
0.0846
0.7985
-0.6839
-0.7991
0.7266
1.5103
1.2556
1.0421
-1.3084
0.9169
0.8072
-0.1400
1.9739
-0.4881
0.1718
-0.4730
-1.6498
-0.5347
0.5151
1.5952
-1.1365
-2.3294
-2.6951
1.3234
1.8482
-1.6943
0.4076
-2.6979
-0.2215
0.6971
-2.3632
-1.2452
-0.9779
0.6650
-1.4278
-4.8670
0.5940
-0.5358
-2.1655
1.1138
0.6124
0.6474
-1.2371
-1.4458
-2.6159
-0.8994
-1.1916
-0.8591
2.0195
-0.2916
-0.5700
-0.0331
0.3954
0.2120
4.4041
-0.3627
0.9952
-1.3137
-2.3483
-0.7154
-0.3709
1.2242
-1.3508
-0.3410
-0.6849
-0.2777
3.2806
-0.7910
-0.1308
0.5453
-0.4549
-0.1907
-0.9656
-0.3004
-0.2462
-0.3277
-0.2122
0.0267
-0.8413
0.2677
-0.6311
-0.5536
0.3291
1.1565
0.8194
-0.2424
0.5340
-0.9102
-0.6033
0.2952
-0.1645
-0.5525
0.5526
-0.3444
0.1587
-0.5032
0.2722
-0.5863
-0.5177
-0.2264
-0.7756
-0.0981
-0.0650
-0.3409
-0.1667
-0.1032
0.0887
0.2309
-0.0107
-0.0071
-1.0557
-0.3331
0.0828
-2.6330
-1.7707
1.4235
-1.9022
0.5118
0.2426
0.1158
1.0263
-1.3519
-1.1431
0.8071
2.4741
0.6262
-0.3486
-1.5996
1.6368
0.3506
-0.9077
1.0288
-0.4352
0.3130
-0.6052
-1.4465
-0.6095
-0.1827
0.3706
-1.6542
-1.5963
-1.0835
-1.2055
-1.4230
1.0769
-1.8225
1.0934
-0.4007
0.4987


Weights 1->2:
0.0391
0.1214
-0.1388
-0.0011
0.0239
0.1088
0.0144
-0.0384
0.0433
-0.0231
0.0448
-0.1118
-0.0424
-0.0426
0.0743
0.1549
-0.1359
-0.0039
0.1837
-0.0404
0.1441
-0.0427
-0.0473
-0.0218
0.1161
0.0259
0.2348
-0.0638
-0.1133
0.1867
0.0620
0.2516
0.1770
-0.2007
0.0176
-0.0444
-0.1777
-0.0680
0.1463
0.0085
-0.0046
-0.1481
-0.0338
0.1959
0.1983
-0.0523
0.0991
0.0165
-0.0039
-0.0786
-0.1479
-0.1677
-0.0807
-0.0342
0.0500
-0.0121
0.1055
-0.0624
-0.0797
0.0404
0.1846
0.1148
-0.0173
-0.1348
-0.1384
0.0895
0.0045
-0.0710
0.0950
-0.0512
-0.0012
-0.0594
0.1260
-0.1788
-0.0778
-0.0728
-0.1161
-0.0085
0.1666
0.1051
0.0285
-0.1111
0.0184
-0.1637
0.0085
-0.1151
-0.0465
0.0199
-0.0784
0.0790
0.0324
-0.1335
-0.0038
-0.0959
0.1554
-0.0881
0.1628
0.2129
-0.1090
-0.0078
-0.0347
0.1091
0.0642
0.0566
-0.1925
0.1390
0.0784
0.0095
-0.1761
0.1880
0.1071
-0.0903
0.1846
0.0503
0.2430
0.0712
0.1198
0.0424
0.1589
0.0908
0.0171
0.0703
0.0168
0.1527
0.0822
-0.1393
0.1001
0.0631
0.0628
0.0900
0.0371
0.1692
0.0955
-0.0198
-0.2203
0.0016
-0.1151
0.0079
0.0802
0.0256
-0.0678
-0.1929
0.0600
-0.0245
0.1040
-0.0116
-0.0001
-0.0416
0.2062
0.0023
-0.0626
-0.0714
-0.0538
0.1071
0.0640
-0.0008
0.0733
0.0864
0.2018
-0.0178
0.0177
0.0452
0.1340
0.0796
-0.0378
-0.1385
0.0792
-0.0000
0.1318
-0.1452
0.0946
0.0834
0.1283
-0.0107
0.1419
-0.0100
0.0221
-0.0619
-0.2037
-0.0969
-0.0394
0.0064
0.0689
-0.0056
-0.0100
0.0197
-0.0174
-0.1479
0.0145
-0.0282
0.0061
0.0352
0.0042
-0.0528
0.0437
-0.0440
0.0457
-0.1082
-0.0056
-0.0146
0.0194
0.0911
-0.0159
0.1265
0.0078
0.0698
0.0024
-0.0720
-0.1155
-0.2318
-0.0176
-0.2125
-0.1100
0.0588
0.1882
-0.0317
0.1186
-0.0782
-0.0700
0.0577
0.1767
0.1931
-0.1577
0.0284
0.1986
-0.1034
0.1786
-0.0099
0.1229
-0.1285
0.1213
-0.0084
-0.1264
0.0514
-0.0485
0.0817
0.0118
0.0443
0.0070
-0.1155
-0.0549
0.2710
-0.0501
0.1717
-0.1049
0.0084
-0.0201
-0.1718
-0.0249
0.0505
0.0121
-0.0634
-0.0829
0.0959
0.0012
-0.0682
0.0842
0.1369
0.1801
0.0366
0.0780
-0.0744
0.0709
0.0878
-0.0725
0.2415
0.2117
-0.0502
0.2001
0.0696
-0.0571
0.0650
0.0069
0.0187
0.1718
0.0615
-0.0039
-0.1444
0.1682
0.0089
0.1283
0.0385
-0.0240
0.1581
-0.0195
0.1446
0.0821
-0.0228
0.0668
0.0311
0.0067
-0.0284
-0.0487
-0.0832
0.0560
-0.0039
-0.1211
0.0158
-0.1431
-0.0979
-0.0789
-0.0431
-0.0257
0.0803
-0.0065
-0.0142
0.0187
-0.0118
0.0502
0.0728
-0.0352
-0.0453
0.1810
-0.0805
0.0284
-0.0118
-0.1565
0.1764
-0.1360
-0.1267
-0.0647
-0.0431
-0.1905
0.1444
-0.0214
0.0680
0.1087
-0.1204
0.0965
-0.0837
-0.0589
-0.0081
-0.0743
0.0167
-0.1548
0.1046
-0.1193
0.0922
0.0274
0.0363
-0.1081
0.0589
-0.2079
-0.0275
0.0194
0.0614
0.1866
-0.0615
-0.0066
-0.0847
0.0776
-0.0845
-0.1140
-0.1016
-0.0028
0.0611
0.0580
-0.2033
0.0567
0.0347
-0.0532
0.2341
-0.0113
0.0361
-0.1067
0.1052
-0.1234
-0.0118
0.0321
-0.0643
-0.1646
-0.0770
-0.0426
0.0309
0.2159
0.0318
0.0401
-0.0727
-0.0680
-0.0526
-0.0110
0.0343
-0.1011
-0.0312
0.0422
0.2165
0.0526
0.1086
-0.1188
0.1271
-0.0190
-0.1103
-0.2128
-0.0378
0.1508
-0.0536
-0.0458
-0.0493
0.0243
0.1069
0.0344
0.1420
0.0527
0.0240
-0.0133
-0.1431
-0.0338
0.0548
0.1499
0.0836
-0.0968
0.0977
0.0015
0.0135
0.0025
0.1107
0.0546
-0.0131
0.1162
0.0236
-0.0638
0.1351
-0.1900
0.0478
0.1109
0.0501
-0.0882
0.1502
-0.1839
0.0337
0.0099
0.0793
-0.1164
0.1757
-0.1204
-0.1180
0.1396
-0.0811
0.1744
0.1561
0.0476
0.0520
-0.0330
-0.1059
-0.0532
-0.1725
-0.2531
0.0597
0.0528
-0.0578
0.0518
0.0175
0.0747
0.1331
-0.0592
-0.0915
-0.0135
-0.0135
-0.0413
0.0193
0.1020
0.1166
0.0425
-0.1367
0.0547
-0.2036
0.0702
0.1159
-0.0477
0.0538
0.0764
-0.0321
0.0801
0.0799
-0.0384
-0.0281
0.0384
-0.1921
0.0402
0.0880
-0.2064
0.1088
-0.0490
-0.1050
-0.0261
-0.1716
0.0672
-0.0234
0.0432
-0.0744
-0.0568
-0.1019
0.0068
0.0118
0.0766
0.1558
-0.0542
0.2169
-0.0151
0.1022
0.1224
0.0221
-0.1310
0.0434
-0.0750
-0.2245
-0.1330
-0.0623
0.0955
0.0807
-0.1188
-0.0094
0.2178
0.0138
0.1736
-0.0288
-0.0652
0.0317
-0.0616
-0.0018
0.0366
0.0968
-0.0230
-0.0162
0.2292
-0.1104
0.0209
-0.1312
-0.0498
0.1501
-0.1295
0.1339
-0.1376
0.0249
-0.0351
-0.0927
0.1277
-0.0070
0.1410
-0.0329
-0.1478
-0.0228
0.0330
-0.0627
0.0038
0.1062
0.1157
0.0671
-0.1080
0.0288
-0.0243
0.0693
-0.0936
-0.0361
0.1255
-0.0794
-0.0612
-0.0992
-0.0245
0.0131
-0.1363
0.0977
-0.0510
-0.0200
0.1157
0.0208
0.1028
-0.0106
-0.0264
0.0964
0.0250
-0.0886
0.0329
-0.0774
0.0176
0.0219
-0.0585
0.1923
-0.0586
0.1808
0.0392
-0.0076
0.0097
0.0976
-0.0801
0.1022
0.0650
0.0472
-0.1505
-0.0525
0.0542
-0.0667
-0.0175
0.0510
-0.1815
0.1010
0.0191
-0.0244
0.0600
-0.0540
-0.1702
0.0365
-0.0226
-0.0146
0.0832
-0.0118
-0.1775
0.0275
0.0956
-0.1319
0.0260
-0.0918
0.0072
0.0328
-0.0175
0.0763
-0.0836
-0.1324
0.0773
0.0949
-0.0321
0.0503
-0.2243
0.0264
-0.0466
0.0753
-0.0070
0.2257
-0.1511
0.0227
-0.0070
-0.1103
0.0492
-0.0511
-0.1257
-0.1916
0.0396
0.0904
0.0882
0.0287
-0.1201
-0.0322
-0.0993
-0.0143
-0.0444
0.0930
-0.0258
-0.1844
-0.0153
0.0589
0.0332
-0.0248
0.0356
0.0897
-0.1358
0.0122
-0.0910
0.0477
-0.0461
-0.0235
0.0381
0.0319
-0.0526
-0.0661
0.0404
-0.1590
0.0442
-0.0103
-0.1322
0.0668
0.1153
-0.0068
0.1685
0.0418
-0.1013
-0.2050
0.1236
-0.0411
0.0163
-0.0195
0.0106
-0.1605
-0.0573
-0.1445
-0.2321
-0.1562
-0.0044
0.0322
-0.0986
-0.1430
-0.0244
-0.0047
-0.1520
-0.0189
0.0285
0.1306
-0.1716
0.0661
-0.0666
-0.0019
0.0269
-0.1649
0.1159
-0.0622
-0.1573
0.0292
-0.2078
-0.0445
-0.0222
0.1754
0.0288
0.0487
-0.0256
0.0488
0.0273
-0.0223
0.0441
-0.0782
-0.0567
0.1098
-0.0216
0.0246
-0.2564
0.0836
0.1255
-0.0021
-0.0686
0.0543
-0.0672
0.0003
-0.0451
-0.0765
-0.1589
0.1236
0.0089
0.0396
-0.0552
-0.1832
-0.0890
-0.0948
0.0748
-0.0513
-0.1246
-0.0706
0.0595
-0.0070
0.2076
0.0473
-0.0659
0.1113
-0.0114
0.0444
0.2034
-0.0909
-0.0549
-0.0630
-0.0173
-0.0863
-0.1159
0.1268
0.1421
-0.0151
0.0786
0.1644
0.0660
-0.1079
-0.0175
-0.0183
0.0067
-0.1316
-0.0279
-0.1076
0.0783
0.1049
0.0017
-0.0718
-0.0227
-0.1434
0.1135
-0.0180
0.0734
0.0763
-0.0648
-0.0466
-0.0600
-0.0598
-0.0091
-0.0251
-0.0942
-0.0323
0.1875
0.0072
0.1117
0.0796
-0.0247
-0.0351
-0.1597
-0.1159
-0.0221
0.0286
0.0045
-0.0222
-0.0592
0.0718
0.1757
-0.0456
-0.1641
0.0975
0.0961
-0.1551
0.0260
0.0128
-0.0185
-0.0326
0.0238
-0.0092
0.1086
0.0681
-0.0558
-0.0573
-0.0686
-0.0022
-0.1510
-0.1031
-0.0791
-0.2036
-0.0116
0.0370
-0.0736
-0.0655
-0.0102
0.1970
0.0338
-0.0590
0.0904
-0.0423
-0.2028
0.1449
-0.0017
-0.0466
-0.0448
-0.0703
0.1896
0.2166
-0.1220
0.0977
0.1665
0.0930
0.2453
-0.1324
0.0025
-0.1185
-0.1976
-0.0859
0.0135
-0.0785
0.1346
-0.0588
0.0782
-0.0278
0.0575
0.0240
0.1687
0.0256
0.0355
0.1890
0.1437
0.1968
-0.0067
-0.1686
-0.0353
-0.1518
0.1118
0.0448
-0.0359
0.0474
-0.1075
-0.2340
-0.1392
0.1222
-0.0821
-0.0497
0.0011
-0.0273
0.0790
-0.1664
0.0580
-0.2132
-0.1388
-0.1405
-0.1462
0.0016
0.0269
-0.0017
0.0414
0.0917
0.0382
0.1247
-0.1522
-0.0991
0.0153
0.0557
-0.0296
-0.0289
0.0026
-0.0710
-0.1022
-0.0987
0.0058
0.1718
0.0216
-0.0269
-0.1235
0.0330
-0.0847
-0.0976
-0.0721
-0.0503
0.0547
0.0040
0.1572
-0.1319
0.0384
0.1949
0.0359
0.1028
-0.2129
0.0272
0.0477
-0.0036
0.0741
-0.0038
0.1183
-0.0889
0.0454
0.0239
0.0758
-0.0014
-0.0063
-0.0331
-0.2099
-0.0152
0.0242
0.0847
0.0993
-0.1167
-0.1608
0.1948
-0.0003
0.0087
0.1257
0.0079
-0.1765
-0.0891
0.1651
0.1219
0.1843
0.0392
0.0141
-0.1436
0.0627
0.2070
-0.0146
0.0164
0.1108
0.0142
-0.1495
-0.0045
-0.0523
0.0007
0.0216
0.1005
-0.0778
0.0109
-0.2487
0.1426
-0.0318
-0.0327
0.0347
-0.1299
-0.0179
-0.0035
0.0212
-0.2205
-0.1176
-0.0049
-0.0606
-0.0003
-0.0849
-0.2002
-0.1899
0.1088
0.0029
-0.0223
-0.0504
-0.0705
0.0315
0.2064
-0.0506
0.1084
0.1840
-0.1022
0.0504
0.0640
-0.1505
0.0582
-0.0674
0.1409
-0.0496
0.0958
-0.0528
-0.2134
-0.0893
-0.1594
0.0557
-0.0614
-0.0158
0.0320
-0.0184
0.0481
0.1315
-0.2583
-0.1124
0.0720
-0.0273
0.0391
-0.0992
-0.1107
0.1109
0.0152
0.0104
-0.0193
0.1237
-0.0100
-0.0565
-0.0661
0.1191
-0.0680
-0.1867
-0.1865
0.1285
0.0053
-0.0695
-0.0851
0.0991
0.0387
0.1724
-0.0158
-0.1937
-0.0800
0.0737
-0.1013
-0.1634
0.0751
0.1862
0.0426
-0.0167
0.0092
0.1096
0.0953
0.0817
-0.0209
-0.1318
-0.0273
0.1825
-0.0587
-0.1172
0.0263
0.2036
-0.0719
0.1133
-0.0122
-0.1434
-0.0496
-0.1159
0.0567
0.0071
0.0074
-0.0579
-0.0827
0.1530
0.0231
0.1260
-0.0016
0.0156
0.0636
-0.1149
-0.0366
0.0078
-0.1724
0.2184
-0.0382
0.1370
0.1121
-0.0401
-0.0371
-0.0377
-0.0588
0.0256
-0.0809
-0.1501
-0.1686
0.1511
-0.0342
-0.0741
0.2153
-0.2092
-0.0405
-0.1712
0.0408
0.2128
-0.2023
-0.0813
0.0018
0.1454
0.0650
-0.0758
-0.0918
-0.1195
0.1486
0.0404
0.0742
-0.0881
-0.2096
-0.0781
-0.0338
-0.0138
0.0443
-0.0185
0.1234
0.0892
0.0289
-0.1264
0.0747
-0.1020
-0.0308
-0.1962
0.0925
-0.1051
0.1398
-0.0320
-0.1077
0.0103
-0.0590
-0.2141
-0.2095
-0.0802
-0.0021
0.0332
0.0060
-0.2350
-0.1493
0.0372
-0.0636
0.0388
-0.0338
-0.0150
-0.0187
0.0995
0.0210
-0.0308
-0.0665
0.0426
0.0702
-0.0090
0.2030
-0.0246
0.0120
-0.0948
0.2501
0.0863
0.0817
0.0288
-0.1623
-0.0505
-0.1499
0.2300
-0.0911
-0.0152
-0.0091
0.0331
0.1764
-0.0284
-0.0442
-0.0347
-0.0610
-0.0570
0.0625
-0.2212
-0.1087
-0.0789
-0.0626
-0.0263
-0.0273
0.1044
0.0599
-0.0578
0.0266
-0.1749
-0.0570
-0.0698
-0.0270
0.0533
0.0997
-0.1500
-0.0462
-0.0389
0.0019
0.0850
0.0954
-0.0763
-0.0968
0.1101
0.0162
0.0771
0.1582
0.0985
-0.0591
0.0480
-0.1015
0.0837
0.2247
0.1587
-0.0404
0.1000
-0.0157
-0.2277
0.1065
-0.0868
-0.0822
-0.0368
0.0795
0.1398
0.0974
-0.0482
0.0531
0.0551
0.0189
-0.1538
0.1222
-0.1578
0.0299
-0.1113
0.0284
0.1655
-0.1230
0.0211
-0.0037
0.0436
-0.0890
-0.0030
-0.1147
-0.0993
-0.0983
-0.0519
0.0399
0.0613
-0.1153
0.1166
-0.0299
0.0631
0.0589
-0.0631
0.1370
0.0566
-0.0525
0.1628
-0.1423
0.1511
-0.2109
-0.0061
-0.0922
0.0605
0.0408
-0.0228
-0.0650
0.0913
-0.0328
0.0588
0.1099
0.1315
0.0205
-0.0377
0.1576
0.0080
-0.0383
-0.0415
-0.0402
-0.0499
-0.0539
0.0179
-0.0715
0.0368
-0.0202
-0.0058
0.0369
-0.0449
0.0118
-0.0354
-0.1354
0.0009
0.0674
0.0719
-0.0249
0.1175
-0.0234
-0.2128
-0.0594
-0.0959
0.0364
-0.0524
-0.1310
0.1211
0.1664
0.0623
-0.0831
-0.0081
-0.0541
0.0386
0.1201
0.0367
0.1060
-0.0433
0.1257
0.0926
-0.0483
0.0399
0.0123
0.1808
0.2099
0.0642
-0.1555
-0.0817
0.0575
-0.0630
0.1746
0.0467
0.2405
-0.0033
-0.0807
-0.0551
-0.0792
0.0162
-0.1478
-0.1049
0.1073
-0.0943
-0.0179
-0.0174
0.0456
-0.0086
-0.0434
-0.0527
-0.1799
-0.1993
-0.1181
0.1151
0.0404
0.1701
-0.0150
-0.0049
-0.0356
0.0375
-0.1671
-0.0922
0.0994
0.0822
0.0030
0.2022
0.1766
-0.0545
-0.0462
0.0223
0.0673
-0.1592
-0.0619
-0.2335
-0.0683
0.1158
0.2014
0.1341
0.2052
-0.1285
-0.0199
0.0512
0.1855
-0.0353
0.0041
0.0440
-0.0453
0.0211
-0.0618
0.1706
0.0556
-0.0738
-0.0099
-0.1532
0.0783
-0.0122
-0.1228
-0.1766
0.0717
0.0760
-0.0413
0.0870
-0.1983
-0.0591
-0.0288
-0.0757
0.0160
-0.0523
-0.0464
-0.2613
0.0748
-0.1582
-0.0090
0.0079
-0.0428
0.1429
0.1091
-0.0894
0.0683
0.0204
0.0377
0.0755
-0.0399
-0.0184
0.0868
0.0539
-0.0292
0.0146
-0.0912
0.0249
0.1391
0.1099
-0.0756
0.0843
0.0304
0.0340
-0.0807
0.0023
0.1308
0.1583
0.1235
0.0013
-0.0665
-0.1891
-0.0583
-0.0172
0.1773
-0.0658
0.0641
-0.0646
0.0683
0.0006
-0.0922
-0.1501
-0.0913
0.0707
-0.1100
0.0373
0.0272
0.0684
0.0859
-0.0813
-0.2231
-0.1153
0.0265
-0.0673
-0.0628
0.0594
0.2015
-0.0056
-0.1038
-0.0694
-0.0011
0.1346
-0.1514
-0.0174
0.0194
0.0363
-0.1325
0.0770
0.1003
0.1056
-0.0064
0.1720
-0.0091
0.0588
-0.0536
0.2439
-0.1116
-0.1928
0.1687
0.1588
0.1963
-0.0421
0.0284
-0.0658
-0.0920
-0.0130
-0.0693
0.0405
0.0109
-0.1621
-0.2478
0.0528
-0.0258
-0.1350
0.0079
0.1224
-0.0553
-0.1577
0.1923
-0.2052
-0.1445
0.0680
-0.0957
0.0553
0.0797
0.0240
0.0321
0.0923
-0.0881
-0.0404
0.0944
0.2124
-0.0284
0.1003
0.0327
-0.0231
0.0198
-0.0078
0.0345
-0.1423
-0.0004
0.1124
-0.0510
-0.0166
-0.2194
0.0486
-0.1902
-0.0912
0.0879
0.0395
0.0584
0.1000
-0.0676
-0.0401
-0.0622
-0.1542
0.0080
0.1564
-0.1167
0.0006
0.1680
-0.0204
-0.2519
-0.0552
-0.0298
-0.0431
-0.0182
-0.0352
-0.0019
0.0162
-0.0232
-0.0205
0.0369
-0.0022
-0.0543
-0.0389
-0.0074
-0.0499
0.0422
0.0571
-0.0659
0.0316
-0.0503
0.1208
0.0045
-0.1612
-0.0305
0.1044
0.1000
-0.0603
0.1241
-0.0788
0.0106
0.0404
-0.1447
0.1256
-0.0918
-0.1153
-0.0799
-0.0878
-0.0226
-0.0077
-0.1634
0.0471
-0.0783
-0.0940
0.0610
-0.1206
0.0113
0.1988
-0.0010
0.0461
0.0715
-0.0749
0.0277
-0.1163
0.0321
-0.0578
0.0185
0.0610
-0.0907
-0.0125
0.1170
0.0081
0.2014
0.2521
-0.0141
0.0109
-0.0880
0.1091
0.0145
0.1057
-0.1251
0.0588
0.0045
-0.0663
-0.1477
-0.0787
-0.0799
-0.0398
-0.0598
-0.0409
-0.0368
0.1238
0.0660
0.1176
0.0622
0.0319
-0.1311
-0.1083
-0.1387
-0.0131
0.1561
-0.0141
-0.0157
-0.1471
-0.0562
-0.0572
-0.0391
0.0101
0.0996
-0.0563
-0.0517
-0.1118
0.1223
0.1551
0.0202
-0.1300
0.1257
0.0074
-0.0246
0.0698
-0.0503
-0.1217
0.0795
0.1192
0.0150
-0.2707
-0.0061
-0.0222
-0.1274
0.0397
-0.0342
0.1071
0.1495
-0.0227
-0.0566
0.0915
0.0645
-0.0768
-0.0222
0.0279
-0.0828
0.0939
0.1464
-0.1031
0.0005
-0.0225
-0.2022
0.0871
0.1528
-0.1296
0.2097
0.0204
0.0808
0.1705
-0.0915
0.0099
0.1041
0.0849
0.0302
0.1127
0.0719
-0.0262
0.0253
0.0759
-0.1970
0.0499
0.0081
0.0420
0.1749
0.0846
-0.1010
-0.1647
-0.1126
-0.0983
0.0752
0.1084
-0.1213
0.0840
0.1114
0.0136
-0.2389
-0.1365
0.0412
0.0750
-0.1645
-0.0689
-0.1283
-0.1385
-0.1146
-0.1263
0.0389
0.1532
0.0902
-0.2247
-0.0158
0.0201
0.0327
0.1303
0.0547
0.0808
-0.0068
-0.2092
0.2090
0.0350
0.0707
0.0912
0.1049
-0.1094
0.0322
-0.0588
-0.0689
0.0632
-0.0991
-0.0147
-0.1085
-0.0450
0.2068
0.0187
-0.0478
0.1927
-0.0862
-0.1455
-0.1320
-0.0554
0.1595
0.1969
0.1770
0.0323
-0.0066
0.0147
0.0772
0.2741
-0.1039
0.0523
-0.1223
-0.0570
0.0395
-0.0280
0.1313
-0.1506
-0.0325
-0.0832
0.0605
-0.0006
0.0190
0.1105
0.1291
-0.0184
-0.0133
-0.0034
-0.0960
0.1227
0.0072
0.1254
0.1219
0.0562
0.0253
-0.0941
0.0306
0.0927
0.0068
-0.0497
0.0972
-0.1563
0.1419
-0.0304
-0.0302
0.0820
-0.0219
-0.1105
-0.0343
0.0741
-0.1684
-0.0012
-0.1250
-0.2208
-0.0780
-0.0676
0.0921
-0.1122
0.0162
0.0812
-0.0944
-0.2035
-0.0205
0.0765
0.0436
0.0062
-0.0298
-0.1339
-0.1132
-0.0611
0.0728
-0.1142
-0.0785
0.0219
0.0566
0.0954
-0.0798
0.0093
0.1521
0.0142
-0.0302
0.1506
-0.1447
-0.1411
0.0406
-0.1776
0.0368
0.0759
-0.0726
-0.0923
-0.0022
0.0034
0.0209
-0.0701
-0.0931
0.0955
0.0019
0.0961
-0.0556
-0.0664
-0.0975
0.0239
0.0838
-0.0964
0.0052
-0.0548
0.1190
0.1468
-0.0620
0.1445
0.0807
0.0163
0.0020
-0.0070
-0.0517
0.0083
-0.1044
-0.0531
-0.0619
0.0966
0.0301
0.0364
0.0189
0.0986
-0.0948
-0.1542
-0.0842
-0.1828
-0.0540
-0.0534
0.0526
0.0666
0.1124
-0.0261
0.0546
-0.1403
0.0344
-0.0022
-0.2033
0.0691
0.0595
0.1486
0.0527
0.0738
-0.0951
0.1944
-0.1495
0.0689
0.0965
-0.0287
0.0901
-0.0172
-0.2141
0.0183
0.0787
0.1722
0.0446
-0.0882
0.0910
0.0280
-0.0304
0.0682
0.0906
0.0492
0.0178
-0.0491
-0.1917
-0.0757
-0.0031
-0.0773
-0.1292
0.0009
-0.0386
0.1050
0.0056
0.0681
-0.2130
-0.0874
0.0141
-0.1121
0.0053
-0.0437
0.0238
-0.1064
0.0840
-0.0262
-0.1650
0.0124
0.1178
-0.0579
0.2134
-0.1987
0.0739
0.0220
-0.0054
0.1097
0.0180
0.0278
-0.0365
-0.0780
-0.0741
-0.0539
-0.1166
-0.0006
-0.1011
-0.1124
0.1337
-0.0759
-0.1286
-0.1102
-0.0329
0.2085
0.0706
0.0770
0.0214
0.0879
-0.0498
-0.0567
-0.0203
0.0771
0.0777
-0.1051
0.0300
-0.1430
0.0978
0.0471
0.1145
0.0180
0.0854
-0.0198
-0.0758
-0.0565
0.0840
-0.0708
-0.2215
-0.1693
-0.1265
0.1406
0.0559
0.1910
-0.0645
-0.0434
-0.0373
-0.0755
0.0189
-0.0326
-0.0421
0.0406
0.0588
0.0923
0.1182
0.1142
-0.1249
-0.0689
0.0391
-0.0031
0.1515
0.1174
-0.1873
-0.1773
0.2276
0.0517
-0.0616
-0.1282
-0.1189
0.0446
0.0932
0.0004
0.0067
0.0679
-0.1248
0.0639
-0.1093
0.0181
0.0708
-0.0325
-0.0244
0.1531
0.2405
-0.0034
-0.1863
-0.0900
-0.1004
-0.2423
-0.0846
-0.0882
0.0436
0.1625
0.0858
-0.0739
-0.1939
0.0535
0.0200
-0.0559
-0.2025
-0.0387
-0.2199
0.2472
0.0630
-0.0659
0.0285
-0.0787
-0.0236
-0.0154
0.0639
-0.0148
-0.1840
0.0318
-0.1141
0.1188
-0.1730
0.1244
0.0210
-0.0837
0.0681
0.2918
-0.2008
0.1340
-0.0415
-0.1413
-0.1395
-0.1299
0.0410
0.0933
0.0709
0.0714
-0.0439
0.0051
-0.0344
0.0007
-0.0556
-0.0747
-0.0354
-0.0613
0.1322
-0.0910
-0.0457
-0.0159
-0.0699
-0.0218
-0.0527
-0.0356
0.0540
0.1368
0.0294
0.0997
0.1397
0.0484
0.0600
-0.1671
0.1259
-0.1005
-0.0761
-0.0599
-0.0587
0.0986
-0.0167
0.0515
0.0083
-0.0806
-0.1147
-0.0495
-0.0597
0.1192
-0.0740
-0.0071
-0.0711
-0.2116
0.0554
-0.0400
-0.0196
-0.0360
-0.0248
-0.0321
-0.0209
-0.0620
-0.1555
-0.0618
-0.0325
0.0924
0.0458
0.0537
-0.0846
0.0551
-0.0873
-0.0705
-0.0957
0.1202
-0.0713
0.2381
0.0678
0.0032
-0.1053
-0.0173
0.0864
0.0318
-0.0882
-0.0447
-0.1492
0.1537
0.1240
-0.1579
-0.2280
-0.2111
-0.0391
-0.2331
-0.1550
0.1397
0.0894
-0.0386
-0.0519
-0.0045
0.0571
0.1484
0.0245
0.0981
0.1987
-0.0695
0.1138
-0.0228
0.0589
0.1267
-0.1164
0.1245
0.1321
-0.1075
-0.0623
0.0794
-0.2272
-0.0312
-0.0789
0.2537
-0.0915
-0.2425
0.0898
-0.0338
0.0535
-0.1032
-0.0642
-0.0401
0.0304
-0.0046
-0.0495
-0.1473
-0.0494
-0.2313
0.1050
0.0582
0.0589
0.1207
0.1210
0.0187
0.0405
-0.0301
0.0316
0.0575
0.0402
-0.1825
-0.0313
0.1666
-0.1201
-0.0700
0.0704
0.1096
-0.0949
0.0468
0.0009
-0.0792
0.2035
0.0848
0.2245
-0.2469
0.1659
-0.0865
-0.0516
-0.0786
0.1012
-0.1073
0.0541
-0.0557
-0.2159
-0.0056
0.0941
0.0235
0.0526
-0.0871
0.1620
0.1400
0.1645
-0.0958
0.0257
0.1088
-0.2164
0.0205
0.0291
0.2144
0.1232
0.0564
0.0348
-0.0380
0.0226
-0.0586
-0.0288
-0.0218
-0.0243
-0.1879
0.1090
0.0674
0.0801
-0.0989
-0.0252
0.1852
-0.1731
0.0939
-0.0903
0.0270
0.0586
0.0666
-0.1091
-0.2040
-0.0138
0.1871
0.2076
-0.0689
0.0784
0.1784
-0.0544
0.0031
0.1072
-0.0071
-0.0780
0.0172
-0.0801
-0.0988
-0.1605
0.2102
-0.0744
-0.0053
-0.2152
-0.1239
0.0696
0.2402
-0.1270
-0.1050
0.1002
-0.1018
0.0161
0.0124
0.0538
-0.0689
0.1403
-0.0322
0.1006
-0.1538
0.0360
0.0482
-0.0387
0.0209
-0.0700
-0.1041
0.0114
-0.1014
0.0745
0.1591
-0.0464
-0.0024
0.0011
-0.0101
0.0585
0.0919
0.0661
-0.0492
-0.1138
0.0452
0.0230
0.0195
0.2331
-0.0202
-0.2281
-0.0367
0.1850
-0.1225
-0.0916
-0.1216
-0.0663
0.0103
0.0563
0.1331
-0.0386
-0.0286
-0.0412
0.0351
-0.0011
0.0247
0.1715
-0.1070
-0.1133
0.0538
0.0840
0.1360
0.0017
-0.1530
-0.0770
0.0158
-0.1294
0.0104
-0.0452
0.0369
-0.0637
-0.0749
-0.1337
-0.1548
0.0390
0.0562
-0.1248
0.1297
0.1299
0.0321
0.0695
0.1034
-0.1947
0.0339
0.1244
-0.0244
0.1124
0.0063
-0.1499
0.0306
-0.0985
-0.1530
-0.0971
-0.0289
-0.0016
0.0080
-0.0845
0.0915
-0.1535
0.0353
-0.0051
-0.0385
-0.0398
-0.0426
-0.1018
-0.0784
-0.0161
-0.1399
-0.0199
-0.2264
-0.0271
-0.0527
0.1003
-0.0627
-0.0080
0.0889
-0.0964
-0.1515
-0.1702
-0.2023
-0.1173
-0.1137
-0.0445
0.0932
-0.2296
0.0857
0.1470
-0.0302
-0.0544
0.0209
-0.0688
-0.0288
-0.1975
0.0852
0.0768
-0.0245
0.0028
0.0427
-0.1447
-0.0793
0.1125
-0.0963
-0.0584
0.0263
-0.0048
-0.0597
0.0505
-0.0706
-0.0746
-0.0316
-0.0439
-0.1287
0.1003
0.0987
0.0595
-0.1468
0.0656
-0.0565
-0.0432
-0.0489
0.0473
-0.1235
-0.0899
-0.1495
0.0830
-0.2156
0.0301
0.1230
0.0058
0.0337
0.0274
-0.0006
-0.0464
0.1314
0.0591
0.0319
-0.1097
-0.0154
0.1442
-0.0055
0.0039
0.2284
-0.1606
0.0372
0.0205
0.1487
-0.0250
0.0651
0.0624
0.0237
0.0003
-0.0606
0.2175
-0.1553
0.1716
-0.0189
-0.0425
0.0312
0.0249
-0.1554
0.0240
-0.1096
-0.0567
0.0363
0.0006
-0.0045
0.1528
0.0628
0.0100
0.0387
-0.1568
-0.0725
0.0200
0.0600
-0.0152
0.1149
0.0989
0.0118
0.0187
0.0820
-0.0747
-0.1510
0.0925
-0.0266
0.0362
0.1526
0.0037
0.0469
0.0134
0.0281
0.0357
-0.0400
-0.0085
-0.0266
0.0421
-0.1019
-0.1630
-0.0885
0.0846
-0.1338
-0.0050
0.0142
-0.0486
0.1266
-0.1001
-0.0440
0.1100
0.1606
0.0198
0.0062
0.1019
0.1321
0.2458
0.0356
-0.0252
-0.0002
-0.2370
0.1682
0.1622
-0.1416
0.1849
0.0773
-0.0043
-0.1685
-0.1418
0.2180
-0.0912
0.0676
0.1059
0.0083
-0.0590
-0.2010
0.0963
-0.1154
-0.0097
0.0135
0.0101
-0.0099
0.2141
0.0020
-0.1401
-0.0102
0.0237
-0.0925
0.1769
-0.0935
-0.0037
-0.0908
0.1133
-0.1291
-0.0597
0.0064
0.0464
-0.0438
0.0670
-0.0627
-0.1150
0.1188
0.0062
0.1533
0.0683
-0.0078
-0.1759
-0.0397
-0.0146
-0.0103
-0.1134
-0.2138
-0.0214
-0.0221
0.0861
-0.1370
-0.0015
0.0164
0.1240
-0.2016
0.0460
0.1632
-0.0410
0.0468
-0.0026
0.0511
-0.0857
0.1334
-0.0355
-0.0253
0.2014
0.0295
0.0778
-0.1474
0.0072
-0.0902
0.0526
0.1598
0.0917
-0.0664
0.1753
0.0034
-0.0961
-0.0443
0.0365
-0.2676
0.0064
-0.0429
-0.0991
0.0617
-0.0620
0.0758
-0.0617
-0.0155
-0.0389
-0.0344
0.1492
0.1261
0.1297
0.0246
-0.1146
0.0134
-0.2617
0.0378
-0.1356
0.1255
0.0308
-0.0671
0.0918
0.0990
0.1883
-0.1650
-0.0576
0.1144
0.0068
0.1561
-0.0053
0.0290
-0.0839
0.0568
0.0129
0.0224
0.0609
-0.0330
0.0249
0.0959
0.0455
-0.0769
-0.0454
-0.0302
-0.1066
-0.0894
0.1349
0.2047
0.0576
0.0582
0.0318
-0.0906
0.1238
0.0668
-0.0625
0.0242
-0.1381
0.0928
-0.0685
-0.1152
0.0087
-0.0019
-0.0182
-0.0240
-0.0626
-0.2210
0.0232
-0.1692
-0.1311
0.0623
0.0071
-0.1514
0.0100
-0.0541
-0.0740
-0.0562
0.0097
-0.0412
0.0957
-0.0220
0.1639
-0.2148
0.0513
-0.0140
0.1561
-0.0009
0.0393
0.2386
0.1898
0.1244
0.0272
0.0069
0.1617
-0.0266
-0.0822
-0.1675
-0.0035
-0.0671
-0.0275
0.0841
0.0301
-0.0825
0.0950
0.0725
0.0959
0.1914
0.0027
-0.1604
-0.0392
-0.2381
0.1211
-0.0980
0.1900
-0.0638
-0.1734
0.1175
0.1079
-0.0629
0.1438
0.0177
-0.0169
0.1674
0.0774
-0.0252
-0.0670
-0.0302
-0.1823
0.1734
0.0697
-0.0210
0.0856
0.1195
0.0982
0.2167
-0.1525
-0.0135
0.1252
0.1662
0.0491
0.0347
-0.0150
-0.0791
-0.1553
0.0461
-0.0386
-0.0828
-0.0690
0.0107
-0.0066
-0.0773
0.1165
1.1154
0.2910
0.6086
2.4367
2.3466
1.4432
0.9857
0.9644
-1.6858
0.6854
-3.2167
0.0841
2.5756
-3.0441
0.1242
0.6349
2.5911
-1.2706
0.2267
2.3122
1.9626
1.5025
0.1949
-0.3630
-2.8453
-1.1270
-1.0289
1.5100
-1.1768
0.1149
1.1534
2.1956
1.1605
0.8447
1.1969
-0.6230
-2.4864
2.0707
-1.8151
0.2605
1.6715
1.6464
0.9546
1.9957
2.4072
2.9185
2.4871
2.3471
-2.7655
-0.2417
-4.3735
-0.5128
3.7640
-2.7174
0.5283
0.8910
2.0573
-1.5342
0.3925
3.9487
-0.6683
1.4748
0.1304
0.3392
-3.3647
-2.3590
0.1002
2.0542
-1.2618
1.6856
-2.4327
3.1285
1.8356
-1.2645
-0.1961
-1.7674
-1.9157
2.8012
-3.6226
-0.1049
-4.0368
0.8830
0.6521
-0.7205
-2.1953
2.3780
-3.0827
1.9341
2.9980
-0.0733
1.7034
1.3644
0.2047
0.5822
1.0473
3.2699
-1.2825
0.6510
-0.5352
-2.0085
0.4725
0.7616
1.4237
-0.1670
3.4326
3.3477
2.7055
2.3475
-1.2305
-0.0425
3.0422
2.6775
0.4811
3.4824
-0.1079
-0.1657
0.1572
-0.9012
2.3417
1.5419
2.2310
2.0424
-3.7208
-3.4429
-0.0999
-1.8696
-1.2672
2.6882
-0.6697
5.9157
2.8144
1.0975
1.9249
1.1237
1.9989
-2.1244
2.0712
-0.5649
-0.3298
0.1224
3.4075
-0.4344
0.0119
2.7085
-1.1697
-0.7139
-1.7266
-2.2980
2.0609
1.5024
1.1992
1.0572
2.4709
-2.4029
1.5375
1.6330
1.5188
-1.1413
1.3744
-1.2848
-0.0475
0.2758
1.3599
-2.1651
-3.1543
1.6287
1.0691
2.9742
3.2308
-1.5035
1.9024
-1.3650
-1.7085
0.6428
-0.1628
4.0779
-0.4098
4.1153
1.8813
-4.2907
-0.0526
1.1066
-1.8573
-1.1522
4.6027
3.1092
1.7686
1.2063
-2.9279
-2.8505
-0.3054
1.6408
0.7415
4.0882
1.0992
1.9032
1.9072
-3.1269
0.9262
0.5989
-2.2724
1.4823
1.8650
-3.1380
0.1521
3.1021
1.2010
0.8818
-0.6814
-1.5472
2.9176
0.2492
-0.1543
1.0327
-2.6917
4.4425
-0.0797
1.4957
-2.6639
-1.0033
1.5131
0.5870
2.8955
0.6779
3.8559
3.3622
3.0826
2.4490
0.9820
-1.6764
-1.0203
2.1099
-1.0025
2.6375
2.3369
-0.3267
-0.0269
-3.5367
1.6680
1.3801
-0.4020
-0.5134
0.7803
-3.7699
-3.1212
0.8289
0.8060
-0.1912
-2.3065
0.3283
0.6896
-1.4687
-1.6476
2.2742
-1.1058
-2.9633
-1.0507
3.9561
1.6323
-2.8698
-0.5364
-0.0024
0.2261
-0.0896
1.1561
-0.7513
1.3632
-2.7356
5.1036
2.9428
-0.9841
3.0977
1.8367
4.6959
0.8431
-0.1423
2.6236
-1.0467
3.7088
1.4202
1.0254
-0.6801
1.4345
-0.3439
-0.3588
1.5031
2.3512
-1.0013
3.0259
1.1171
1.6113
0.7933
1.7300
2.0754
3.3329
-1.4718
-3.5959
0.0942
2.2151
2.4336
-0.2369
0.0088
1.2495
3.1214
-0.4146
-1.0204
1.9687
1.0234
1.1039
-0.5938
-4.4264
0.0717
1.6790
-1.2723
2.0700
-1.6006
0.6332
1.3237
0.4982
-0.3757
1.9671
-0.2747
2.8058
-2.5731
-1.6655
1.5960
-1.1052
2.8821
0.9203
0.3829
1.0955
0.1025
0.1065
1.2327
3.6845
1.8949
-2.9842
-0.2444
-0.8020
-1.2716
-1.5191
1.0361
1.6518
0.2148
3.3569
3.3838
2.8351
1.7821
-1.2884
-2.5530
2.0112
1.8142
0.3317
1.8013
1.9228
0.4926
1.9368
-1.3580
1.0419
-0.3512
0.9633
0.1844
3.5729
-0.3231
-1.7052
-0.1396
-0.7948
0.6538
1.5705
3.3377
3.0318
1.8950
0.9492
1.2270
-1.1005
0.1899
3.4550
-1.9430
1.8744
0.6489
3.4011
-0.4967
0.6055
-0.6299
-3.2939
-1.1426
0.9271
-0.1461
0.4987
-1.0072
-1.8561
2.7680
2.0383
-2.0598
-1.4960
0.5001
1.2155
2.1882
0.5705
-0.3532
3.0756
-1.8108
0.2711
-1.5495
-1.1219
2.2767
1.7648
-2.5034
2.8275
2.0329
3.4833
0.2809
1.5025
1.6524
-2.1667
1.8108
-2.2251
-0.3635
1.6215
1.4066
-3.5057
-1.5637
-0.2524
0.0590
4.9395
1.6894
0.6256
1.8837
2.9881
1.7249
0.3053
1.4708
2.0311
2.3950
-0.2132
0.8717
-0.9801
-1.6683
0.0640
1.1399
0.0844
-0.2347
0.4347
-1.7578
0.0686
-0.3214
3.1879
-1.0453
3.4991
-0.4664
2.7364
-2.8208
0.9364
3.4949
0.3742
0.0572
0.8588
1.2107
1.0760
0.6918
1.2534
2.8047
0.9619
-0.0318
2.5306
0.5811
2.4739
-1.3444
-0.1967
1.0342
1.1656
2.2289
1.3040
-1.8715
-1.5214
-1.3584
0.4391
3.8509
-0.3868
1.5843
0.3663
1.5120
1.9923
-1.9910
1.1829
-0.6525
0.0280
-1.1177
1.3120
-0.7065
1.6349
0.8387
1.7873
4.7896
-1.3534
-0.3851
-2.8014
-0.7641
5.0437
2.0548
-0.9855
-2.6127
-1.3327
1.0263
-2.7082
-1.3365
0.6559
-1.5637
-0.9082
0.5926
3.3785
-0.4016
1.7942
-1.5802
-0.6985
0.0080
1.3984
1.5950
-0.3626
-0.2836
0.7690
-0.4474
-1.4687
-2.9906
0.3796
-0.2112
-1.2475
0.2503
-0.1222
0.0284
3.2115
0.2179
-1.1454
0.6248
3.0509
1.8598
-1.6231
2.8198
-1.7127
0.9956
-0.1410
3.3164
1.6735
2.7003
5.8448
-1.0595
1.6748
1.1052
2.4418
0.7769
0.0669
0.1224
-1.8744
0.3288
0.9858
0.1485
-1.3230
-0.2768
4.7785
0.1546
1.3670
0.5200
0.0821
-2.9122
0.1285
-0.2759
-0.5545
2.5539
0.0405
-0.7024
2.3361
1.4594
-1.0851
1.5733
-0.6496
-0.5682
-0.3367
0.9045
0.4627
2.3647
-1.3967
1.8053
0.4217
-0.8295
0.0873
3.9488
-0.5675
0.3527
1.8956
-1.1922
0.0221
-2.0587
0.9637
0.1098
0.0326
0.9621
1.4715
0.2026
1.0794
0.9943
-0.8612
3.4027
-1.0155
-0.6050
0.7726
1.0094
1.0499
-0.7788
-1.6967
3.6546
1.1862
1.0009
-0.3845
1.7493
-0.9638
0.3627
-0.4012
-1.2579
2.3733
-0.6416
-0.9267
2.0946
-0.6825
1.8289
-1.1445
-1.3341
-2.0298
0.2249
-0.7142
1.3964
0.2390
-1.3133
1.6876
-2.0975
0.5614
-1.7723
1.3861
3.1624
3.5404
0.6263
-1.4543
0.9206
0.5485
2.0315
-0.3810
0.9755
-1.3838
1.6571
-1.7286
-0.6804
-0.7604
-0.1831
3.0397
-2.2561
0.0705
-0.2999
-0.1567
-0.8863
0.6648
2.9219
1.0123
0.0764
-0.3034
-0.2548
-0.0495
-0.6256
0.7197
1.5886
-0.2277
0.8121
-0.2111
2.5383
1.8436
0.4756
0.0093
-0.4980
-2.1723
-0.7310
-1.9109
-0.5488
-1.2885
1.0476
-0.4289
-0.1492
-1.0925
-0.8582
-1.8037
0.9063
1.5121
0.3412
4.7191
1.5922
1.8575
1.7340
2.3264
0.5347
-1.0774
0.6024
1.6801
-1.0400
5.2158
0.2090
0.7457
-0.8194
0.4349
-0.4012
-2.0127
0.6343
2.2538
-0.6980
-0.2689
0.8528
1.7488
-0.5201
-1.4743
-0.3369
-1.2517
-1.0302
-1.7048
0.9079
2.2821
-0.4895
1.9708
-2.3664
-4.9267
-1.9511
0.6543
2.1326
1.7700
-1.2164
1.2975
2.2074
-1.1470
4.1175
-0.3470
2.3656
0.7731
-0.5227
0.5603
0.1191
1.0093
3.6490
-0.6677
1.6470
2.3925
-0.1991
1.3213
0.4092
-1.2307
-2.0250
2.3361
-0.0585
0.1247
0.6986
-0.2157
1.8462
0.9742
0.3335
0.6211
-1.6517
0.8038
-1.1649
-1.0494
-2.2318
2.1466
0.4353
2.2144
-0.0019
2.6992
1.5626
1.3337
1.8747
0.9106
1.2491
0.5207
-1.1025
0.3487
1.3823
0.3129
0.7762
1.5396
2.0830
0.5221
-1.3694
-0.3372
-1.0568
0.1446
1.6934
0.2430
-0.3580
-0.4635
-0.0371
1.8487
-1.5953
-0.4670
-1.1166
1.8036
-1.1222
0.6819
-0.2897
-0.1471
1.0393
-0.2074
-2.4000
0.9981
0.6083
-0.3161
-1.1460
2.3426
0.4422
1.5230
-0.8516
-1.1178
1.4602
1.4664
-1.1876
2.0530
-1.8915
0.9271
-2.5794
1.4392
-0.7010
1.0959
4.0665
-4.2222
0.4205
2.5060
-0.8556
1.8216
3.0738
1.4088
2.1134
-0.4244
-0.9704
0.4307
-0.1122
1.1113
1.3653
-0.3852
1.1418
0.0072
-1.8838
-2.7257
3.0846
0.2104
-0.4566
2.3641
0.3195
-2.2584
0.9930
-3.1792
-1.5140
3.4759
-0.9472
-0.4375
4.4880
1.9914
-1.0435
-0.4650
0.3885
0.7314
3.4405
0.2289
0.6927
-1.7267
-1.1505
-3.1517
0.6806
1.7188
1.1191
2.2796
0.3747
0.9701
0.8013
1.5708
0.3931
-0.8604
1.2231
-2.1791
-0.8147
-0.4470
-1.9030
-0.7375
-3.2360
0.8579
-1.6297
2.7943
0.6703
2.7135
1.3003
1.9004
2.9164
0.5150
1.2949
0.4999
-0.7956
1.0677
1.3995
-1.1751
0.2795
-0.2033
-1.6045
0.1252
0.4108
-1.7497
-0.1388
2.5548
-0.5567
-0.3672
1.5044
-0.4621
1.2980
1.8149
0.1099
1.0758
0.1833
0.1100
1.3866
1.0385
0.6828
-0.6379
-1.4009
1.7521
-2.1648
0.4249
0.1609
-0.9909
1.3825
1.0288
0.6953
1.4455
2.2983
-1.0456
3.0244
0.4756
1.5504
-0.7582
-1.2552
-1.4482
-0.1571
-0.5048
1.0187
0.2920
0.7187
-1.6422
-0.2348
1.4373
-0.9913
-1.2407
1.2806
-0.6690
-0.5379
1.2672
-1.1657
-0.0223
1.5353
1.4077
2.5600
-0.0561
-0.3141
0.9688
1.2721
-0.3231
-5.2950
0.9844
-2.3445
-0.3907
1.5863
2.2663
2.0840
3.2599
-0.4076
-0.0788
4.1595
-0.3068
-3.2377
-0.1028
0.9157
2.6566
-2.5534
-2.1031
0.4760
-0.4396
-3.0585
-0.8197
-0.4848
-0.6455
0.3803
0.6872
3.7003
2.6922
-1.3330
-0.9144
-1.5136
-1.2472
-1.5573
-1.1413
-1.0645
3.0885
0.6229
-0.8473
-1.9923
-1.0309
1.7897
-1.6088
-0.4888
-0.8542
-0.1331
-1.0307
-0.7959
1.9725
-2.9529
-1.1998
-2.5855
-1.6230
-0.9640
-0.6236
-1.1565
-0.3139
-0.4735
-1.4371
-0.9489
-0.4964
-1.2694
-0.5433
-1.6136
-0.2810
-0.8318
-1.3665
-1.3347
-0.6376
-1.6617
-1.7522
-1.2353
-0.8339
5.3350
-0.5276
-1.1226
-0.7815
-2.2147
-1.4790
0.6079
0.6302
1.9452
-1.0373
0.1712
-0.9857
1.4184
-2.0940
-1.3433
-0.8475
0.1245
2.8359
-1.6532
0.6848
-1.0388
0.0119
-0.5002
1.0600
3.1179
0.1685
-0.4802
0.1522
-0.0943
-1.0556
-0.5156
0.7357
1.2339
-0.1839
0.1537
-0.3789
2.3013
1.0403
-0.3406
0.3932
-0.3614
-1.9175
-0.6783
-1.5937
-1.2736
1.3200
2.2422
0.2349
-2.7062
2.1236
-0.3696
-1.0246
-0.7933
2.4066
-0.5542
2.4777
0.4926
-0.7156
3.0522
-1.0845
0.1260
0.5339
0.1197
1.2206
-0.7232
-0.4021
-1.2998
-0.1566
1.9843
-0.6517
1.2240
-0.1667
-1.0907
-0.2194
0.0346
3.1656
-0.3578
1.0292
-0.4146
0.5521
1.5438
-0.9399
-1.2667
0.6089
0.4914
-0.3399
1.0863
0.1335
1.1289
0.7526
-0.2247
0.0969
-0.8853
-1.0575
-0.2699
-0.7331
-1.6419
-1.2707
-0.3132
0.7450
-0.1095
-1.3798
0.5058
-1.0668
-0.7831
0.2934
-0.3405
-0.1380
-0.1191
0.9205
0.7990
-0.0116
0.1461
-0.3746
-1.4238
-0.3285
-1.1145
-0.7877
0.8608
0.2651
1.2646
2.7836
0.6567
-0.3777
-1.1615
-0.3662
1.6284
-0.6041
1.1944
1.6460
-2.1010
0.6379
-0.5544
-1.1905
-0.5195
0.5697
-0.6170
-2.2156
0.7676
-0.6633
-0.3302
3.3959
0.3255
-1.0623
-1.0611
0.1997
-1.1201
-0.0613
-1.0115
3.1735
-0.3893
-1.0223
-0.7032
-0.3378
-1.2250
-0.2620
-1.9335
-0.5614
1.1629
2.4865
2.4647
0.6689
-0.1691
-0.9853
-2.1291
-0.5135
-0.4276
0.5569
2.5003
-0.4788
0.5778
0.0242
0.2717
-0.1399
-1.0470
0.4139
-0.2902
1.8934
-2.1141
0.5372
-0.5059
-0.2474
-0.1075
0.6428
2.3753
0.2839
1.0609
0.0584
-0.4140
-0.3463
0.5057
-0.0050
0.1476
-0.1127
0.6986
-0.5814
1.5059
0.1526
-0.0093
3.4205
0.1890
-1.6866
0.0769
0.0250
-0.1032
-0.8410
-0.0890
0.1921
1.4856
-0.7220
0.4540
-0.5965
1.4010
-1.2361
-0.4200
-1.2110
-0.3823
2.1035
-1.3166
0.2158
-0.2427
0.7193
-0.2576
1.0912
1.9579
-0.3479
0.0561
-0.3764
-0.3622
-0.1194
-0.5317
0.3921
1.0833
-0.5306
0.5093
-0.1116
2.0920
0.8131
0.4111
0.7383
-1.0555
-2.2731
-0.3635
-0.7889
-0.8814
1.3716
-0.6733
0.2681
3.3471
0.8802
-0.8468
-0.1799
0.2309
0.0295
-0.3991
0.0881
-1.4242
-0.9074
-1.0109
0.5463
-0.3980
0.3491
-0.3859
-0.7790
-0.8509
-0.6373
-1.0669
-0.2168
-0.5277
-0.7717
0.2862
-0.9347
-0.5577
-0.1256
-0.9851
-0.3781
-1.6845
-1.1668
-0.1690
1.7835
0.6660
1.1592
0.6603
-0.5919
-1.3826
-0.5165
-0.2578
-0.2092
2.0551
-0.8658
0.0631
-0.0962
-1.6724
-1.0973
-0.3890
-0.8693
1.0651
-1.0265
-1.8841
-0.5820
-0.6198
-0.3529
3.0632
-0.8652
-0.7553
-0.4612
-0.8247
0.7302
0.1177
0.5461
0.5951
-0.3827
-0.5042
2.0184
0.1950
-0.5140
-1.1781
-1.5117
0.3406
-0.2465
-0.0441
1.7293
0.0673
-0.1331
0.5895
-0.7746
0.2973
0.7137
0.8860
-1.3871
-0.1209
-0.5018
1.3101
-1.6804
-0.6863
-1.4705
-0.3800
2.3186
-1.7028
0.1988
-1.0270
0.1184
-0.5737
0.5414
3.1494
0.5892
-0.0168
-0.2866
0.1228
-0.6355
-0.4052
0.4685
-0.1906
-0.7624
0.0390
-0.0246
1.6290
0.5114
-0.5778
0.7960
-0.7803
-2.6268
-0.3406
-0.8063
-1.0177
-0.7901
-0.0733
0.0086
1.9698
-0.0661
-0.7558
-0.1178
-1.2308
-0.6942
-0.2739
-1.5941
-0.5996
-0.9986
-0.8178
0.3169
-0.2980
-0.6409
0.4916
-0.9046
-0.7387
-0.0583
-0.8360
-0.0963
0.2280
-0.4096
1.1873
-0.5702
-0.2479
0.0040
-0.6674
-0.6998
-1.5809
-0.7964
0.1690
-0.6661
1.6267
1.3989
0.4847
-0.1404
0.1312
-0.2953
0.2173
0.1251
1.2661
0.1223
-0.0177
0.0196
0.3553
-1.0642
0.2632
-1.8606
-0.9341
1.8368
-1.3064
-0.1359
-0.3095
0.2453
-0.3144
0.9940
1.8001
0.0514
0.8463
0.0040
-0.8579
-0.3884
-0.6433
0.3712
0.9167
-0.4121
0.9840
-0.2135
1.8125
0.8218
-0.0492
0.0965
-0.2788
-1.8710
-0.4365
-0.5788
-0.4826
-0.0120
-0.0390
0.6561
1.3584
-1.6708
-0.5145
-0.4581
0.4899
-1.4596
-0.7529
-1.3618
-0.7329
2.3005
-1.0975
-0.1305
-1.0791
0.6642
-0.6135
0.4267
3.3933
0.7921
-0.6113
-0.3610
-0.3497
-0.7284
-0.2378
0.1382
0.3016
-0.7004
-0.2982
0.2481
2.0489
0.3906
-0.3911
0.3871
-0.4047
-2.6289
-0.4988
-0.7509
-0.7749
-0.1995
0.1630
0.1444
1.9924
0.7697
0.2400
-0.3014
-1.2642
-0.6093
-0.3023
-0.9553
1.0432
-0.5714
-1.7924
-0.1619
-0.3276
-0.4755
-0.3007
-0.6012
-0.4104
-0.2733
-0.5457
-0.4780
-0.4180
-0.1619
-0.0169
-0.5743
-0.4957
-0.3538
0.5645
0.0773
-1.0972
-1.2927
0.0391
-1.5142
-0.7690
1.4304
-0.1427
-0.3236
1.9205
0.1465
-0.4653
-0.3808
0.5783
0.4710
-0.3349
-0.3098
-0.9255
-0.4998
-0.3891
-0.8466
2.1400
-0.8775
-1.4175
-0.4944
-0.2806
-0.4592
-0.3291
-0.6321
-0.7041
-0.2712
-0.7343
-0.3506
-0.4860
-0.4155
-0.4472
-0.6278
-0.3480
-0.1094
0.7175
-0.4459
-0.7641
-1.0341
0.0157
-0.9990
-0.8073
1.5825
-0.1152
-0.2816
2.0181
1.7214
-0.3325
-0.4077
3.0642
1.2013
0.2878
0.1249
-0.6184
-0.5214
-0.1747
0.1918
-0.9106
-0.6576
-0.8896
-0.1401
-0.2550
0.9351
-0.2230
-0.7367
-0.3947
-0.0332
-0.7303
-0.2676
-0.2827
-0.5690
0.0825
-0.6854
-0.1226
-0.4902
-0.7443
-0.2912
-1.0848
-0.7740
-0.1925
-1.1393
1.1777
-0.1107
0.3296
-0.3814
-0.7891
-0.2770
0.7373
-0.0379
1.8212
2.3700
0.2815
-0.2685
-0.1358
-0.8698
-0.5263
-1.8968
-0.3886
-1.2770
-0.9971
-0.0563
0.0880
-0.0042
0.6692
-0.7316
-0.4618
-0.2948
-0.0797
0.1280
-0.5483
2.0612
0.1379
-0.1584
-0.1552
0.0365
-0.3187
0.5492
-0.7252
-0.9608
0.9180
-0.5934
-1.2373
1.1833
0.0041
-0.2240
-0.1838
-0.2797
0.7781
-0.1537
1.7718
1.2561
-0.1414
0.7634
-1.2565
-0.9085
0.0764
-2.1337
-1.1697
-1.3504
-1.0885
-0.0634
0.0084
-0.1608
0.5980
-0.7643
-0.7116
0.1719
-0.5983
1.7394
-0.2413
1.6747
2.0733
-0.2083
-0.1472
-0.1028
-0.6312
-0.6623
-1.3901
-0.8381
0.8394
-0.4827
1.0090
0.9086
0.7488
-0.2028
-0.4437
-0.3949
-0.2785
-0.5150
2.0904
0.1960
-0.4363
-0.2642
-0.9045
-0.6734
-0.2964
-0.1229
1.8349
-0.9957
-1.5028
-0.4520
-0.5054
-0.3430
0.0110
-0.5612
-0.6136
-0.5293
-0.7447
-0.2476
-0.0393
-0.6451
-0.0173
-0.5853
-0.3571
-0.1550
0.9077
-0.4543
-1.2476
-1.2917
-0.3155
-0.9235
0.1294
0.6588
0.0701
-0.2548
1.1649
-0.7657
0.1055
-0.3623
-1.3845
-0.2340
-0.7469
-0.3005
1.0601
-0.5662
-0.1831
1.5743
-0.2711
-0.6325
1.2092
-0.0908
0.0198
-0.1894
0.1812
-0.5265
-0.0644
-0.2139
-0.5593
-0.2353
-0.4608
-0.3775
-0.2145
-0.3615
1.0831
-0.0266
-0.3125
-0.3751
-0.7315
-0.1079
-0.2108
-0.0108
-0.4265
-0.0876
-0.4292
0.4057
-0.0100
-0.1835
2.3815
-0.2181
-2.4551
0.5423
-0.0540
0.6555
-0.6329
2.1908
0.1963
-1.2829
-0.3670
0.2971
1.6707
-0.0874
1.8997
0.0266
0.4549
0.8429
-1.2032
-0.5551
-0.7256
-0.3003
2.1265
-0.1141
0.6154
-0.6797
-0.6367
-0.6069
-0.5293
-0.2685
-2.8008
0.9451
-0.1787
-0.6638
0.6782
-1.0551
0.1724
-0.5530
0.3486
0.6378
0.0939
-0.4164
2.1163
2.3214
-0.2924
0.0415
-0.6098
0.2042
-0.5134
-1.1435
0.1073
-0.9819
-1.1813
0.0481
-0.3759
0.0840
-0.5901
-0.7474
-0.1840
-0.5083
-0.4445
-0.2395
-0.8261
-0.1470
-0.4218
-0.6165
-0.2500
0.0325
0.1395
-0.1844
-0.9296
-0.7923
0.0471
-0.3663
-1.9305
0.9931
0.7229
-0.3600
0.7439
1.2438
-0.6109
-0.4597
2.5826
0.6385
-0.3592
0.3390
0.2543
0.0232
-0.1373
-1.4324
-0.8306
-0.9110
-0.7552
-0.0312
-0.3512
-0.2675
-0.0764
-0.8852
-0.5761
-0.4659
-0.3935
-0.1116
0.0193
-0.5947
0.3091
-0.4809
-0.0374
-0.1129
-0.6167
-0.4169
-1.3444
-0.6565
-0.1341
-0.3725
0.4662
0.5819
0.8929
-0.3873
-0.4015
-0.5107
0.2742
-0.1628
1.9806
0.5428
0.1225
-0.2366
0.0041
-0.3846
-0.3832
-2.0845
-0.7136
-1.1735
-1.0260
0.1655
-0.2553
-0.4614
0.3724
-0.7961
-0.2404
-0.1194
-0.4187
-0.1321
-0.5758
-0.0231
0.4322
-0.4537
-0.4261
-0.2884
-0.5300
-0.4701
-1.0920
-0.8193
-0.1174
-0.5550
1.0084
1.1991
0.1841
-0.2753
-0.7995
-0.2728
-0.9286
-0.8220
1.4197
-0.2280
-0.0061
0.1548
-0.5010
-0.2810
-0.6674
-0.5610
-0.8789
0.8493
-0.8739
-0.4135
-0.5081
2.0616
-0.2802
-0.1804
0.6572
1.2562
1.5873
0.0301
-0.5322
-0.6495
-0.3672
-0.4625
-0.3109
-0.1379
-0.3915
1.6989
-0.1812
-0.6852
0.3798
1.4185
0.8327
-0.1563
-0.2628
0.2613
-0.3880
-0.2149
0.2045
0.1995
-1.2625
-0.2878
0.0145
-0.4819
-0.9095
-0.7594
-0.2774
0.8735
1.1811
-0.3474
1.8766
0.2069
0.1574
-0.3434
-0.1045
-0.4199
-0.4031
-0.3187
0.0141
-0.3736
-0.4020
-0.0816
-0.2094
-0.0431
-0.6326
-0.2551
-0.4161
-0.3874
0.0184
0.1834
-0.0159
0.4045
0.3184
-0.0874
-0.2328
-0.0675
0.0859
0.4012
-0.5389
-0.2081
1.9904
1.5877
-0.1238
0.1135
-0.9021
0.4557
-0.2750
-0.6501
0.1995
-0.4978
-0.5709
-0.0574
0.0292
0.0103
0.0053
-0.5534
-0.5294
-0.2415
-0.6248
-0.1115
-0.2918
0.1676
-0.1369
-0.3671
-0.2050
0.1130
0.2442
0.0061
-1.0142
-0.9224
-0.0722
-0.6941
-0.5746
0.4607
0.6941
-0.3609
0.1126
-0.3578
-0.3071
-0.1963
1.6274
-0.1693
-0.2281
-0.2866
-0.8626
-0.5919
-0.2759
-0.9617
-0.2935
-0.8611
-0.8933
-0.0682
-0.4676
-0.2287
-0.2044
-0.4491
-0.4195
-0.3333
-0.4195
-0.2379
-0.2492
-0.5839
0.1014
-0.5194
-0.3188
-0.2323
-0.4211
-0.4106
-0.9541
-1.0085
0.1283
-0.5887
1.4500
0.4703
0.3711
-0.4571
-0.3473
-0.5836
-0.7037
-0.5015
0.2271
-0.6536
-0.6962
-0.4928
-0.9411
-0.3531
-0.4805
0.7070
1.5043
-0.6114
-1.3784
-0.4001
-0.4875
-0.5450
-0.3529
-0.5828
-0.4862
-0.6629
-0.8523
-0.2517
-0.6354
-0.5366
-0.5389
-0.5402
-0.3643
-0.3263
1.0306
-0.3476
-0.9004
-0.9641
-0.2109
-1.6886
-1.8775
-0.0466
-0.4401
-0.4153
2.3181
-0.2430
-0.5678
-0.4302
1.5184
-0.0718
-0.1867
-0.0703
-0.5997
-0.3591
-0.2883
-0.1881
-0.0578
-0.7686
-1.0096
-0.2796
-0.5058
0.0873
-0.0892
-0.4044
-0.3218
-0.4233
-0.5726
-0.2299
0.1201
-0.2862
-0.1642
-0.3213
-0.3709
0.0236
-0.3545
-0.3642
-0.8244
-0.7676
-0.3574
0.0341
0.7373
0.1866
-0.0410
-0.2318
0.5041
-0.6689
-0.6387
-0.4722
-1.4145
0.3525
-0.4590
-0.5362
-0.7449
-0.6909
-0.4422
-3.7655
-0.6925
-0.7606
-1.0360
-0.4623
-0.3492
-0.5735
-0.5527
-0.5376
-0.6550
-0.6694
-0.7463
-0.4619
-0.3755
-0.1449
-0.6888
-0.4782
-0.4473
-0.4794
-0.7463
-0.4029
-0.8717
-0.9627
-0.6154
-1.4514
-1.8353
3.9388
-0.3320
-0.6825
-1.1197
-0.8317
-0.6527
-0.3526
-1.9763
-0.5348
0.0527
0.0103
-0.5622
1.3411
1.4947
0.3458
2.4790
0.5261
2.9605
0.1364
0.0607
-0.3640
-0.4322
-0.4551
-0.4478
-0.0088
-0.5735
-0.5146
-0.1970
-0.4044
-0.5064
-0.5624
-0.0476
-0.3899
-0.7066
-0.3951
-0.3021
1.8188
0.0214
-0.7485
-0.9934
-1.9216
-0.6800
1.1108
0.1977
-0.1579
-0.6067
-0.3239
1.9024
-0.2436
-0.0225
-0.2934
0.1453
0.1999
-0.3026
-0.3372
-0.1891
-0.9195
-0.9747
-0.1971
-0.3478
-0.3139
-0.3774
-0.5312
-0.5822
-0.6372
-0.5088
-0.2112
-0.2131
-0.4799
-0.2972
-0.4241
-0.5389
-0.1543
-0.1239
-0.5154
-0.9335
-1.0211
-0.3155
-0.7549
-0.1105
0.3612
0.1612
-0.1043
0.2735
-0.4015
-0.4801
-0.1766
0.9676
0.1381
0.1885
-0.2923
-0.7219
-0.4325
-0.4562
-1.2501
1.3847
-0.4169
-1.1188
-0.2760
-0.3557
-0.3407
-0.3133
-0.5622
-0.2181
-0.4821
-0.4692
-0.2704
-0.5490
-0.3427
-0.3024
-0.3869
-0.3491
-0.3609
0.3734
-0.4781
-0.8896
-1.0963
-0.3360
-0.9928
-1.2228
0.6769
-0.3239
-0.4365
2.4557
2.2830
-0.6613
-0.2701
0.3981
2.2635
-0.4329
0.1170
0.1114
0.3583
-0.4293
-2.3783
-0.5771
-1.3475
-0.8266
-0.4177
-0.0564
0.3682
0.0129
-0.5736
-0.5322
-0.3832
0.0510
-0.1629
0.3884
0.4777
-0.0611
-0.2538
-0.3266
1.5823
-0.5689
-0.1263
-0.6641
-0.9353
0.9458
-0.6940
-0.7498
0.7044
-0.2838
-0.1932
-0.6122
0.2434
-0.9975
-0.2700
0.6893
-0.3344
0.7317
-0.0644
0.2591
-0.7014
-0.4589
-1.4038
-0.9962
0.9136
-0.6160
-0.3261
-0.5421
2.5008
-0.3280
-0.6036
1.9313
0.9918
0.4053
-0.3284
-0.1814
-0.5860
-0.5539
-0.3321
0.0381
-0.2833
0.3806
1.4604
0.8834
-0.9550
0.0683
1.1677
-0.7946
-2.0481
-0.2472
-0.3063
-0.6381
-0.3586
-0.8271
-0.2769
1.2542
-0.5756
-0.0998
-0.5087
-0.8389
-0.7675
-0.4417
0.2971
-0.4470
-0.7358
-0.7380
-0.5576
-0.5593
0.0433
-0.2469
-0.4276
-0.5957
-0.2475
-0.5939
-0.2707
-0.5035
-0.4459
-0.2860
-0.6470
-0.4713
-0.6619
-0.4891
-0.4408
-0.9456
-0.9251
-0.2678
-0.3117
1.1754
-0.2588
-0.3740
-0.3612
-0.6873
0.5167
0.0541
-0.1684
0.8770
0.6429
-0.4347
-0.2807
-0.2207
-0.1857
-0.1732
-0.5582
-0.4284
-0.7687
-0.3478
0.0332
-0.2165
-0.0982
-0.2199
-0.6504
-0.5589
-0.1331
-0.5001
-0.1364
-0.2482
0.0827
-0.1453
-0.3289
-0.2537
-0.0306
-0.4235
-0.3714
-0.7416
-0.5170
-0.3567
-0.4956
-0.1138
0.1959
0.0095
-0.5022
-0.1667
-0.4045
-0.3626
-0.4777
0.8366
0.1142
0.2057
-0.1542
-0.6000
-0.3770
-0.4564
-0.2435
0.4969
-0.5663
-0.9808
-0.2154
-0.2463
-0.2274
-0.1245
-0.5735
-0.2313
-0.3886
-0.5468
-0.2161
-0.5200
-0.0172
-0.4578
-0.6554
-0.4813
-0.2626
0.4685
-0.2147
-0.8140
-0.9189
-0.2282
-0.8735
-1.1751
0.0686
-0.2998
-0.2589
0.9620
-0.2326
-0.5146
-0.5314
-0.0367
-0.2393
-0.3040
-0.2510
-0.8098
-0.4548
-0.3353
-0.8180
-0.6712
-0.7467
-0.6251
-0.3426
-0.2937
-0.1201
-0.2263
-0.3472
-0.5043
-0.1449
-0.6436
-0.2846
-0.1925
-0.5244
-0.1851
-0.4663
-0.4125
-0.3966
-0.2989
-0.5180
-0.7119
-0.8786
-0.2147
-0.5830
0.0351
-0.7242
-0.2059
-0.4408
-0.3672
-0.3247
-0.5501
-0.3258
-0.7875
-0.4123
-0.4681
-0.2966
-0.6237
-0.5000
-0.2107
-1.0619
-0.8173
-0.7561
-0.7387
-0.4262
-0.2015
-0.2904
-0.2668
-0.3638
-0.4450
-0.3269
-0.5265
-0.1535
-0.2439
-0.4293
-0.2748
-0.5374
-0.3894
-0.3415
-0.2683
-0.5980
-0.6755
-0.7064
-0.3256
-0.4211
-0.4173
-1.5280
-0.1259
-0.2435
-0.4417
-0.3929
-0.4628
-0.3690
-0.6879
-0.4178
-0.3434
-0.2955
-0.5304
-0.5517
-0.2552
-1.1548
-0.5253
-0.6515
-0.7313
-0.3515
-0.2451
-0.4410
-0.2994
-0.3838
-0.4669
-0.3287
-0.5294
-0.2585
-0.2413
-0.1075
-0.3624
-0.4147
-0.4582
-0.3268
-0.4155
-0.3779
-0.7718
-0.6289
-0.3316
-0.4172
-0.3951
-1.3518
-0.1241
-0.4641
-0.5512
-0.5802
-0.4102
-0.4158
-0.8881
-0.2826
-0.4004
-0.5597
-0.8510
-0.6579
-0.4458
-1.0684
-0.6655
-0.6174
-0.7240
-0.3832
-0.5287
-0.3181
-0.1587
-0.3595
-0.3839
-0.3036
-0.5823
-0.2520
-0.3682
-0.4827
-0.4232
-0.5400
-0.4851
-0.4741
-0.4251
-0.4089
-0.6188
-0.6874
-0.3821
-0.3252
-0.5144
-1.5278
-0.2081
-0.4855
-0.5743
-0.3126
-0.3829
-0.2914
-0.6740
-0.3978
-0.2172
-0.3003
-0.7454
-0.4250
-0.5653
-1.2818
-0.7486
-0.5314
-0.7258
-0.3060
-0.3960
-0.3074
-0.3346
-0.6448
-0.4006
-0.1742
-0.4990
-0.2771
-0.3841
-0.2526
-0.4506
-0.4785
-0.3802
-0.2434
-0.6226
-0.1243
-0.7323
-0.9804
-0.3264
-0.3998
-0.6419
-1.4980
-0.3265
-0.3981
-0.4925
-0.5277
-0.4410
-0.2268
-0.8362
-0.5369
-0.3972
-0.4845
-0.7177
-0.4835
-0.5452
-1.1862
-0.6792
-0.6597
-0.6971
-0.3484
-0.2899
-0.3141
-0.1515
-0.6233
-0.5190
-0.4731
-0.4542
-0.2374
-0.2339
-0.4483
-0.4139
-0.1656
-0.1863
-0.4742
-0.3839
-0.2522
-0.7671
-0.6074
-0.2942
-0.4245
-0.6068
-1.5005
-0.4745
-0.4325
-0.5238
-0.6365
-0.3267
-0.3891
-0.8385
-0.5202
-0.3835
-0.3979
-0.6446
-0.4330
-0.3861
-1.3309
-0.6440
-0.7797
-0.6169
-0.5397
-0.3485
-0.3400
-0.5202
-0.4353
-0.4860
-0.3225
-0.5658
-0.5115
-0.2253
-0.2270
-0.2936
-0.4225
-0.3796
-0.3051
-0.4578
-0.4550
-0.8529
-0.6889
-0.3513
-0.4164
-0.6999
-1.5051
-0.2503
-0.4022
-0.6081
-0.4890
-0.5154
-0.3849
-0.8434
-0.5842
-0.1828
-0.2031
-0.7767
-0.5426
-0.3586
-1.3102
-0.8545
-0.6332
-0.8062
-0.2169
-0.4586
-0.3362
-0.4865
-0.4720
-0.7022
-0.3005
-0.5432
-0.3924
-0.2508
-0.4787
-0.2185
-0.4558
-0.3982
-0.3817
-0.2151
-0.3629
-0.6784
-0.6566
-0.1974
-0.4169
-0.5989
-1.5817
-0.2262
-0.4287
-0.4318

Direct connections:
